(145366, 394, 16, 7, u'2016-05-14T13:30:00Z', u'TIMED', 34, -1, -1)
(145367, 394, 3, 31, u'2016-05-14T13:30:00Z', u'TIMED', 34, -1, -1)
(145368, 394, 5, 8, u'2016-05-14T13:30:00Z', u'TIMED', 34, -1, -1)
(145369, 394, 4, 1, u'2016-05-14T13:30:00Z', u'TIMED', 34, -1, -1)
(145370, 394, 55, 18, u'2016-05-14T13:30:00Z', u'TIMED', 34, -1, -1)
(145371, 394, 2, 6, u'2016-05-14T13:30:00Z', u'TIMED', 34, -1, -1)
(145372, 394, 15, 9, u'2016-05-14T13:30:00Z', u'TIMED', 34, -1, -1)
(145373, 394, 12, 19, u'2016-05-14T13:30:00Z', u'TIMED', 34, -1, -1)
(145374, 394, 11, 10, u'2016-05-14T13:30:00Z', u'TIMED', 34, -1, -1)
(145375, 394, 18, 3, u'2016-05-07T13:30:00Z', u'TIMED', 33, -1, -1)
(145376, 394, 19, 4, u'2016-05-07T13:30:00Z', u'TIMED', 33, -1, -1)
(145377, 394, 7, 11, u'2016-05-07T13:30:00Z', u'TIMED', 33, -1, -1)
(145378, 394, 8, 2, u'2016-05-07T13:30:00Z', u'TIMED', 33, -1, -1)
(145379, 394, 9, 55, u'2016-05-07T13:30:00Z', u'TIMED', 33, -1, -1)
(145380, 394, 31, 5, u'2016-05-07T13:30:00Z', u'TIMED', 33, -1, -1)
(145381, 394, 1, 12, u'2016-05-07T13:30:00Z', u'TIMED', 33, -1, -1)
(145382, 394, 6, 16, u'2016-05-07T13:30:00Z', u'TIMED', 33, -1, -1)
(145383, 394, 10, 15, u'2016-05-07T13:30:00Z', u'TIMED', 33, -1, -1)
(145384, 394, 16, 1, u'2016-04-30T13:30:00Z', u'TIMED', 32, -1, -1)
(145385, 394, 3, 9, u'2016-04-30T13:30:00Z', u'TIMED', 32, -1, -1)
(145386, 394, 5, 18, u'2016-04-30T13:30:00Z', u'TIMED', 32, -1, -1)
(145387, 394, 4, 11, u'2016-04-30T13:30:00Z', u'TIMED', 32, -1, -1)
(145388, 394, 55, 19, u'2016-04-30T13:30:00Z', u'TIMED', 32, -1, -1)
(145389, 394, 8, 6, u'2016-04-30T13:30:00Z', u'TIMED', 32, -1, -1)
(145390, 394, 2, 31, u'2016-04-30T13:30:00Z', u'TIMED', 32, -1, -1)
(145391, 394, 15, 7, u'2016-04-30T13:30:00Z', u'TIMED', 32, -1, -1)
(145392, 394, 12, 10, u'2016-04-30T13:30:00Z', u'TIMED', 32, -1, -1)
(145393, 394, 18, 2, u'2016-04-23T13:30:00Z', u'TIMED', 31, -1, -1)
(145394, 394, 19, 15, u'2016-04-23T13:30:00Z', u'TIMED', 31, -1, -1)
(145395, 394, 7, 12, u'2016-04-23T13:30:00Z', u'TIMED', 31, -1, -1)
(145396, 394, 9, 5, u'2016-04-23T13:30:00Z', u'TIMED', 31, -1, -1)
(145397, 394, 31, 8, u'2016-04-23T13:30:00Z', u'TIMED', 31, -1, -1)
(145398, 394, 1, 55, u'2016-04-23T13:30:00Z', u'TIMED', 31, -1, -1)
(145399, 394, 6, 3, u'2016-04-23T13:30:00Z', u'TIMED', 31, -1, -1)
(145400, 394, 10, 4, u'2016-04-23T13:30:00Z', u'TIMED', 31, -1, -1)
(145401, 394, 11, 16, u'2016-04-23T13:30:00Z', u'TIMED', 31, -1, -1)
(145402, 394, 16, 10, u'2016-04-16T13:30:00Z', u'TIMED', 30, -1, -1)
(145403, 394, 3, 19, u'2016-04-16T13:30:00Z', u'TIMED', 30, -1, -1)
(145404, 394, 5, 6, u'2016-04-16T13:30:00Z', u'TIMED', 30, -1, -1)
(145405, 394, 4, 7, u'2016-04-16T13:30:00Z', u'TIMED', 30, -1, -1)
(145406, 394, 55, 31, u'2016-04-16T13:30:00Z', u'TIMED', 30, -1, -1)
(145407, 394, 8, 18, u'2016-04-16T13:30:00Z', u'TIMED', 30, -1, -1)
(145408, 394, 2, 9, u'2016-04-16T13:30:00Z', u'TIMED', 30, -1, -1)
(145409, 394, 15, 1, u'2016-04-16T13:30:00Z', u'TIMED', 30, -1, -1)
(145410, 394, 12, 11, u'2016-04-16T13:30:00Z', u'TIMED', 30, -1, -1)
(145411, 394, 19, 2, u'2016-04-09T13:30:00Z', u'TIMED', 29, -1, -1)
(145412, 394, 7, 55, u'2016-04-09T13:30:00Z', u'TIMED', 29, -1, -1)
(145413, 394, 9, 8, u'2016-04-09T13:30:00Z', u'TIMED', 29, -1, -1)
(145414, 394, 31, 18, u'2016-04-09T13:30:00Z', u'TIMED', 29, -1, -1)
(145415, 394, 1, 3, u'2016-04-09T13:30:00Z', u'TIMED', 29, -1, -1)
(145416, 394, 6, 4, u'2016-04-09T13:30:00Z', u'TIMED', 29, -1, -1)
(145417, 394, 10, 5, u'2016-04-09T13:30:00Z', u'TIMED', 29, -1, -1)
(145418, 394, 12, 16, u'2016-04-09T13:30:00Z', u'TIMED', 29, -1, -1)
(145419, 394, 11, 15, u'2016-04-09T13:30:00Z', u'TIMED', 29, -1, -1)
(145420, 394, 3, 11, u'2016-04-02T13:30:00Z', u'TIMED', 28, -1, -1)
(145421, 394, 5, 19, u'2016-04-02T13:30:00Z', u'TIMED', 28, -1, -1)
(145422, 394, 4, 12, u'2016-04-02T13:30:00Z', u'TIMED', 28, -1, -1)
(145423, 394, 18, 9, u'2016-04-02T13:30:00Z', u'TIMED', 28, -1, -1)
(145424, 394, 55, 10, u'2016-04-02T13:30:00Z', u'TIMED', 28, -1, -1)
(145425, 394, 8, 7, u'2016-04-02T13:30:00Z', u'TIMED', 28, -1, -1)
(145426, 394, 2, 1, u'2016-04-02T13:30:00Z', u'TIMED', 28, -1, -1)
(145427, 394, 31, 6, u'2016-04-02T13:30:00Z', u'TIMED', 28, -1, -1)
(145428, 394, 15, 16, u'2016-04-02T13:30:00Z', u'TIMED', 28, -1, -1)
(145429, 394, 16, 4, u'2016-03-19T14:30:00Z', u'TIMED', 27, -1, -1)
(145430, 394, 19, 8, u'2016-03-19T14:30:00Z', u'TIMED', 27, -1, -1)
(145431, 394, 7, 2, u'2016-03-19T14:30:00Z', u'TIMED', 27, -1, -1)
(145432, 394, 9, 31, u'2016-03-19T14:30:00Z', u'TIMED', 27, -1, -1)
(145433, 394, 1, 5, u'2016-03-19T14:30:00Z', u'TIMED', 27, -1, -1)
(145434, 394, 6, 18, u'2016-03-19T14:30:00Z', u'TIMED', 27, -1, -1)
(145435, 394, 10, 3, u'2016-03-19T14:30:00Z', u'TIMED', 27, -1, -1)
(145436, 394, 12, 15, u'2016-03-19T14:30:00Z', u'TIMED', 27, -1, -1)
(145437, 394, 11, 55, u'2016-03-19T14:30:00Z', u'TIMED', 27, -1, -1)
(145438, 394, 3, 7, u'2016-03-12T14:30:00Z', u'TIMED', 26, -1, -1)
(145439, 394, 5, 12, u'2016-03-12T14:30:00Z', u'TIMED', 26, -1, -1)
(145440, 394, 4, 15, u'2016-03-12T14:30:00Z', u'TIMED', 26, -1, -1)
(145441, 394, 18, 19, u'2016-03-12T14:30:00Z', u'TIMED', 26, -1, -1)
(145442, 394, 55, 16, u'2016-03-12T14:30:00Z', u'TIMED', 26, -1, -1)
(145443, 394, 8, 1, u'2016-03-12T14:30:00Z', u'TIMED', 26, -1, -1)
(145444, 394, 9, 6, u'2016-03-12T14:30:00Z', u'TIMED', 26, -1, -1)
(145445, 394, 2, 11, u'2016-03-12T14:30:00Z', u'TIMED', 26, -1, -1)
(145446, 394, 31, 10, u'2016-03-12T14:30:00Z', u'TIMED', 26, -1, -1)
(145447, 394, 16, 3, u'2016-03-05T14:30:00Z', u'TIMED', 25, -1, -1)
(145448, 394, 4, 5, u'2016-03-05T14:30:00Z', u'TIMED', 25, -1, -1)
(145449, 394, 19, 31, u'2016-03-05T14:30:00Z', u'TIMED', 25, -1, -1)
(145450, 394, 7, 9, u'2016-03-05T14:30:00Z', u'TIMED', 25, -1, -1)
(145451, 394, 1, 6, u'2016-03-05T14:30:00Z', u'TIMED', 25, -1, -1)
(145452, 394, 15, 55, u'2016-03-05T14:30:00Z', u'TIMED', 25, -1, -1)
(145453, 394, 10, 2, u'2016-03-05T14:30:00Z', u'TIMED', 25, -1, -1)
(145454, 394, 12, 8, u'2016-03-05T14:30:00Z', u'TIMED', 25, -1, -1)
(145455, 394, 11, 18, u'2016-03-05T14:30:00Z', u'TIMED', 25, -1, -1)
(145456, 394, 3, 12, u'2016-03-02T19:00:00Z', u'TIMED', 24, -1, -1)
(145457, 394, 5, 15, u'2016-03-02T19:00:00Z', u'TIMED', 24, -1, -1)
(145458, 394, 18, 10, u'2016-03-02T19:00:00Z', u'TIMED', 24, -1, -1)
(145459, 394, 55, 4, u'2016-03-02T19:00:00Z', u'TIMED', 24, -1, -1)
(145460, 394, 8, 11, u'2016-03-02T19:00:00Z', u'TIMED', 24, -1, -1)
(145461, 394, 9, 19, u'2016-03-02T19:00:00Z', u'TIMED', 24, -1, -1)
(145462, 394, 2, 16, u'2016-03-02T19:00:00Z', u'TIMED', 24, -1, -1)
(145463, 394, 31, 1, u'2016-03-02T19:00:00Z', u'TIMED', 24, -1, -1)
(145464, 394, 6, 7, u'2016-03-02T19:00:00Z', u'TIMED', 24, -1, -1)
(145465, 394, 16, 18, u'2016-02-27T14:30:00Z', u'TIMED', 23, -1, -1)
(145466, 394, 4, 2, u'2016-02-27T14:30:00Z', u'TIMED', 23, -1, -1)
(145467, 394, 19, 6, u'2016-02-27T14:30:00Z', u'TIMED', 23, -1, -1)
(145468, 394, 7, 31, u'2016-02-27T14:30:00Z', u'TIMED', 23, -1, -1)
(145469, 394, 1, 9, u'2016-02-27T14:30:00Z', u'TIMED', 23, -1, -1)
(145470, 394, 15, 3, u'2016-02-27T14:30:00Z', u'TIMED', 23, -1, -1)
(145471, 394, 10, 8, u'2016-02-27T14:30:00Z', u'TIMED', 23, -1, -1)
(145472, 394, 12, 55, u'2016-02-27T14:30:00Z', u'TIMED', 23, -1, -1)
(145473, 394, 11, 5, u'2016-02-27T14:30:00Z', u'TIMED', 23, -1, -1)
(145474, 394, 3, 4, u'2016-02-20T14:30:00Z', u'TIMED', 22, -1, -1)
(145475, 394, 5, 55, u'2016-02-20T14:30:00Z', u'TIMED', 22, -1, -1)
(145476, 394, 18, 1, u'2016-02-20T14:30:00Z', u'TIMED', 22, -1, -1)
(145477, 394, 19, 7, u'2016-02-20T14:30:00Z', u'TIMED', 22, -1, -1)
(145478, 394, 8, 16, u'2016-02-20T14:30:00Z', u'TIMED', 22, -1, -1)
(145479, 394, 9, 11, u'2016-02-20T14:30:00Z', u'TIMED', 22, -1, -1)
(145480, 394, 2, 15, u'2016-02-20T14:30:00Z', u'TIMED', 22, -1, -1)
(145481, 394, 31, 12, u'2016-02-20T14:30:00Z', u'TIMED', 22, -1, -1)
(145482, 394, 6, 10, u'2016-02-20T14:30:00Z', u'TIMED', 22, -1, -1)
(145483, 394, 16, 5, u'2016-02-13T14:30:00Z', u'TIMED', 21, -1, -1)
(145484, 394, 4, 8, u'2016-02-13T14:30:00Z', u'TIMED', 21, -1, -1)
(145485, 394, 55, 3, u'2016-02-13T14:30:00Z', u'TIMED', 21, -1, -1)
(145486, 394, 7, 18, u'2016-02-13T14:30:00Z', u'TIMED', 21, -1, -1)
(145487, 394, 1, 19, u'2016-02-13T14:30:00Z', u'TIMED', 21, -1, -1)
(145488, 394, 15, 6, u'2016-02-13T14:30:00Z', u'TIMED', 21, -1, -1)
(145489, 394, 10, 9, u'2016-02-13T14:30:00Z', u'TIMED', 21, -1, -1)
(145490, 394, 12, 2, u'2016-02-13T14:30:00Z', u'TIMED', 21, -1, -1)
(145491, 394, 11, 31, u'2016-02-13T14:30:00Z', u'TIMED', 21, -1, -1)
(145492, 394, 3, 5, u'2016-02-06T14:30:00Z', u'TIMED', 20, -1, -1)
(145493, 394, 18, 12, u'2016-02-06T14:30:00Z', u'TIMED', 20, -1, -1)
(145494, 394, 19, 10, u'2016-02-06T14:30:00Z', u'TIMED', 20, -1, -1)
(145495, 394, 7, 1, u'2016-02-06T14:30:00Z', u'TIMED', 20, -1, -1)
(145496, 394, 8, 15, u'2016-02-06T14:30:00Z', u'TIMED', 20, -1, -1)
(145497, 394, 9, 4, u'2016-02-06T14:30:00Z', u'TIMED', 20, -1, -1)
(145498, 394, 2, 55, u'2016-02-06T14:30:00Z', u'TIMED', 20, -1, -1)
(145499, 394, 31, 16, u'2016-02-06T14:30:00Z', u'TIMED', 20, -1, -1)
(145500, 394, 6, 11, u'2016-02-06T14:30:00Z', u'TIMED', 20, -1, -1)
(145501, 394, 16, 19, u'2016-01-30T14:30:00Z', u'TIMED', 19, -1, -1)
(145502, 394, 3, 8, u'2016-01-30T14:30:00Z', u'TIMED', 19, -1, -1)
(145503, 394, 5, 2, u'2016-01-30T14:30:00Z', u'TIMED', 19, -1, -1)
(145504, 394, 4, 31, u'2016-01-30T14:30:00Z', u'TIMED', 19, -1, -1)
(145505, 394, 55, 6, u'2016-01-30T14:30:00Z', u'TIMED', 19, -1, -1)
(145506, 394, 15, 18, u'2016-01-30T14:30:00Z', u'TIMED', 19, -1, -1)
(145507, 394, 10, 7, u'2016-01-30T14:30:00Z', u'TIMED', 19, -1, -1)
(145508, 394, 12, 9, u'2016-01-30T14:30:00Z', u'TIMED', 19, -1, -1)
(145509, 394, 11, 1, u'2016-01-30T14:30:00Z', u'TIMED', 19, -1, -1)
(145510, 394, 18, 4, u'2016-01-23T14:30:00Z', u'TIMED', 18, -1, -1)
(145511, 394, 19, 11, u'2016-01-23T14:30:00Z', u'TIMED', 18, -1, -1)
(145512, 394, 7, 5, u'2016-01-23T14:30:00Z', u'TIMED', 18, -1, -1)
(145513, 394, 8, 55, u'2016-01-23T14:30:00Z', u'TIMED', 18, -1, -1)
(145514, 394, 9, 16, u'2016-01-23T14:30:00Z', u'TIMED', 18, -1, -1)
(145515, 394, 2, 3, u'2016-01-23T14:30:00Z', u'TIMED', 18, -1, -1)
(145516, 394, 31, 15, u'2016-01-23T14:30:00Z', u'TIMED', 18, -1, -1)
(145517, 394, 1, 10, u'2016-01-23T14:30:00Z', u'TIMED', 18, -1, -1)
(145518, 394, 6, 12, u'2016-01-23T14:30:00Z', u'TIMED', 18, -1, -1)
(145519, 394, 18, 55, u'2015-12-19T14:30:00Z', u'TIMED', 17, -1, -1)
(145520, 394, 19, 12, u'2015-12-19T14:30:00Z', u'TIMED', 17, -1, -1)
(145521, 394, 7, 16, u'2015-12-19T14:30:00Z', u'TIMED', 17, -1, -1)
(145522, 394, 8, 5, u'2015-12-19T14:30:00Z', u'TIMED', 17, -1, -1)
(145523, 394, 9, 15, u'2015-12-19T14:30:00Z', u'TIMED', 17, -1, -1)
(145524, 394, 31, 3, u'2015-12-19T14:30:00Z', u'TIMED', 17, -1, -1)
(145525, 394, 1, 4, u'2015-12-19T14:30:00Z', u'TIMED', 17, -1, -1)
(145526, 394, 6, 2, u'2015-12-19T14:30:00Z', u'TIMED', 17, -1, -1)
(145527, 394, 10, 11, u'2015-12-19T14:30:00Z', u'TIMED', 17, -1, -1)
(145528, 394, 16, 6, u'2015-12-12T14:30:00Z', u'TIMED', 16, -1, -1)
(145529, 394, 3, 18, u'2015-12-12T14:30:00Z', u'TIMED', 16, -1, -1)
(145530, 394, 5, 31, u'2015-12-12T14:30:00Z', u'TIMED', 16, -1, -1)
(145531, 394, 4, 19, u'2015-12-12T14:30:00Z', u'TIMED', 16, -1, -1)
(145532, 394, 55, 9, u'2015-12-12T14:30:00Z', u'TIMED', 16, -1, -1)
(145533, 394, 2, 8, u'2015-12-12T14:30:00Z', u'TIMED', 16, -1, -1)
(145534, 394, 15, 10, u'2015-12-12T14:30:00Z', u'TIMED', 16, -1, -1)
(145535, 394, 12, 1, u'2015-12-12T14:30:00Z', u'TIMED', 16, -1, -1)
(145536, 394, 11, 7, u'2015-12-12T14:30:00Z', u'TIMED', 16, -1, -1)
(145537, 394, 18, 5, u'2015-12-05T14:30:00Z', u'TIMED', 15, -1, -1)
(145538, 394, 19, 55, u'2015-12-06T16:30:00Z', u'TIMED', 15, -1, -1)
(145539, 394, 7, 15, u'2015-12-05T14:30:00Z', u'TIMED', 15, -1, -1)
(145540, 394, 9, 3, u'2015-12-05T14:30:00Z', u'TIMED', 15, -1, -1)
(145541, 394, 31, 2, u'2015-12-05T14:30:00Z', u'TIMED', 15, -1, -1)
(145542, 394, 1, 16, u'2015-12-05T14:30:00Z', u'TIMED', 15, -1, -1)
(145543, 394, 6, 8, u'2015-12-04T19:30:00Z', u'TIMED', 15, -1, -1)
(145544, 394, 10, 12, u'2015-12-06T14:30:00Z', u'TIMED', 15, -1, -1)
(145545, 394, 11, 4, u'2015-12-05T17:30:00Z', u'TIMED', 15, -1, -1)
(145546, 394, 16, 11, u'2015-11-29T16:30:00Z', u'TIMED', 14, -1, -1)
(145547, 394, 3, 6, u'2015-11-29T16:30:00Z', u'TIMED', 14, -1, -1)
(145548, 394, 5, 9, u'2015-11-28T14:30:00Z', u'TIMED', 14, -1, -1)
(145549, 394, 4, 10, u'2015-11-29T14:30:00Z', u'TIMED', 14, -1, -1)
(145550, 394, 55, 1, u'2015-11-27T19:30:00Z', u'TIMED', 14, -1, -1)
(145551, 394, 8, 31, u'2015-11-28T14:30:00Z', u'TIMED', 14, -1, -1)
(145552, 394, 2, 18, u'2015-11-28T14:30:00Z', u'TIMED', 14, -1, -1)
(145553, 394, 15, 19, u'2015-11-28T14:30:00Z', u'TIMED', 14, -1, -1)
(145554, 394, 12, 7, u'2015-11-28T14:30:00Z', u'TIMED', 14, -1, -1)
(145555, 394, 18, 8, u'2015-11-21T14:30:00Z', u'TIMED', 13, -1, -1)
(145556, 394, 19, 3, u'2015-11-21T14:30:00Z', u'TIMED', 13, -1, -1)
(145557, 394, 7, 4, u'2015-11-20T19:30:00Z', u'TIMED', 13, -1, -1)
(145558, 394, 9, 2, u'2015-11-22T14:30:00Z', u'TIMED', 13, -1, -1)
(145559, 394, 31, 55, u'2015-11-22T16:30:00Z', u'TIMED', 13, -1, -1)
(145560, 394, 1, 15, u'2015-11-21T14:30:00Z', u'TIMED', 13, -1, -1)
(145561, 394, 6, 5, u'2015-11-21T17:30:00Z', u'TIMED', 13, -1, -1)
(145562, 394, 10, 16, u'2015-11-21T14:30:00Z', u'TIMED', 13, -1, -1)
(145563, 394, 11, 12, u'2015-11-21T14:30:00Z', u'TIMED', 13, -1, -1)
(145564, 394, 16, 12, u'2015-11-08T16:30:00Z', u'TIMED', 12, -1, -1)
(145565, 394, 3, 1, u'2015-11-07T14:30:00Z', u'TIMED', 12, -1, -1)
(145566, 394, 5, 10, u'2015-11-07T14:30:00Z', u'TIMED', 12, -1, -1)
(145567, 394, 4, 6, u'2015-11-08T14:30:00Z', u'TIMED', 12, -1, -1)
(145568, 394, 18, 31, u'2015-11-07T14:30:00Z', u'TIMED', 12, -1, -1)
(145569, 394, 55, 7, u'2015-11-07T17:30:00Z', u'TIMED', 12, -1, -1)
(145570, 394, 8, 9, u'2015-11-06T19:30:00Z', u'TIMED', 12, -1, -1)
(145571, 394, 2, 19, u'2015-11-07T14:30:00Z', u'TIMED', 12, -1, -1)
(145572, 394, 15, 11, u'2015-11-07T14:30:00Z', u'TIMED', 12, -1, -1)
(145573, 394, 16, 15, u'2015-10-31T14:30:00Z', u'TIMED', 11, -1, -1)
(145574, 394, 19, 5, u'2015-10-30T19:30:00Z', u'TIMED', 11, -1, -1)
(145575, 394, 7, 8, u'2015-11-01T16:30:00Z', u'TIMED', 11, -1, -1)
(145576, 394, 9, 18, u'2015-10-31T14:30:00Z', u'TIMED', 11, -1, -1)
(145577, 394, 1, 2, u'2015-10-31T14:30:00Z', u'TIMED', 11, -1, -1)
(145578, 394, 6, 31, u'2015-10-31T14:30:00Z', u'TIMED', 11, -1, -1)
(145579, 394, 10, 55, u'2015-11-01T14:30:00Z', u'TIMED', 11, -1, -1)
(145580, 394, 12, 4, u'2015-10-31T14:30:00Z', u'TIMED', 11, -1, -1)
(145581, 394, 11, 3, u'2015-10-31T17:30:00Z', u'TIMED', 11, -1, -1)
(145582, 394, 3, 10, u'2015-10-24T13:30:00Z', u'TIMED', 10, -1, -1)
(145583, 394, 5, 1, u'2015-10-24T13:30:00Z', u'TIMED', 10, -1, -1)
(145584, 394, 4, 16, u'2015-10-25T14:30:00Z', u'TIMED', 10, -1, -1)
(145585, 394, 18, 6, u'2015-10-25T16:30:00Z', u'TIMED', 10, -1, -1)
(145586, 394, 55, 11, u'2015-10-24T13:30:00Z', u'TIMED', 10, -1, -1)
(145587, 394, 8, 19, u'2015-10-24T13:30:00Z', u'TIMED', 10, -1, -1)
(145588, 394, 2, 7, u'2015-10-23T18:30:00Z', u'TIMED', 10, -1, -1)
(145589, 394, 31, 9, u'2015-10-24T16:30:00Z', u'TIMED', 10, -1, -1)
(145590, 394, 15, 12, u'2015-10-24T13:30:00Z', u'TIMED', 10, -1, -1)
(145591, 394, 16, 55, u'2015-10-17T13:30:00Z', u'TIMED', 9, -1, -1)
(145592, 394, 19, 18, u'2015-10-17T16:30:00Z', u'TIMED', 9, -1, -1)
(145593, 394, 7, 3, u'2015-10-17T13:30:00Z', u'TIMED', 9, -1, -1)
(145594, 394, 1, 8, u'2015-10-18T13:30:00Z', u'TIMED', 9, -1, -1)
(145595, 394, 15, 4, u'2015-10-16T18:30:00Z', u'TIMED', 9, -1, -1)
(145596, 394, 6, 9, u'2015-10-17T13:30:00Z', u'TIMED', 9, -1, -1)
(145597, 394, 10, 31, u'2015-10-18T15:30:00Z', u'TIMED', 9, -1, -1)
(145598, 394, 12, 5, u'2015-10-17T13:30:00Z', u'TIMED', 9, -1, -1)
(145599, 394, 11, 2, u'2015-10-17T13:30:00Z', u'TIMED', 9, -1, -1)
(145600, 394, 3, 16, u'2015-10-04T15:30:00Z', u'FINISHED', 8, 1, 1)
(145601, 394, 5, 4, u'2015-10-04T15:30:00Z', u'FINISHED', 8, 5, 1)
(145602, 394, 18, 11, u'2015-10-03T13:30:00Z', u'FINISHED', 8, 2, 0)
(145603, 394, 55, 15, u'2015-10-02T18:30:00Z', u'FINISHED', 8, 2, 3)
(145604, 394, 8, 12, u'2015-10-03T13:30:00Z', u'FINISHED', 8, 1, 0)
(145605, 394, 9, 7, u'2015-10-03T13:30:00Z', u'FINISHED', 8, 3, 0)
(145606, 394, 2, 10, u'2015-10-03T13:30:00Z', u'FINISHED', 8, 2, 2)
(145607, 394, 31, 19, u'2015-10-03T13:30:00Z', u'FINISHED', 8, 2, 0)
(145608, 394, 6, 1, u'2015-10-04T13:30:00Z', u'FINISHED', 8, 0, 3)
(145609, 394, 16, 2, u'2015-09-26T13:30:00Z', u'FINISHED', 7, 1, 3)
(145610, 394, 4, 55, u'2015-09-27T15:30:00Z', u'FINISHED', 7, 2, 2)
(145611, 394, 19, 9, u'2015-09-27T13:30:00Z', u'FINISHED', 7, 1, 1)
(145612, 394, 7, 6, u'2015-09-26T16:30:00Z', u'FINISHED', 7, 0, 1)
(145613, 394, 1, 31, u'2015-09-25T18:30:00Z', u'FINISHED', 7, 1, 1)
(145614, 394, 15, 5, u'2015-09-26T13:30:00Z', u'FINISHED', 7, 0, 3)
(145615, 394, 10, 18, u'2015-09-26T13:30:00Z', u'FINISHED', 7, 1, 3)
(145616, 394, 12, 3, u'2015-09-26T13:30:00Z', u'FINISHED', 7, 0, 3)
(145617, 394, 11, 8, u'2015-09-26T13:30:00Z', u'FINISHED', 7, 1, 1)
(145618, 394, 3, 15, u'2015-09-23T18:00:00Z', u'FINISHED', 6, 1, 0)
(145619, 394, 5, 11, u'2015-09-22T18:00:00Z', u'FINISHED', 6, 5, 1)
(145620, 394, 18, 16, u'2015-09-23T18:00:00Z', u'FINISHED', 6, 4, 2)
(145621, 394, 55, 12, u'2015-09-22T18:00:00Z', u'FINISHED', 6, 2, 1)
(145622, 394, 8, 10, u'2015-09-23T18:00:00Z', u'FINISHED', 6, 1, 3)
(145623, 394, 9, 1, u'2015-09-22T18:00:00Z', u'FINISHED', 6, 2, 0)
(145624, 394, 2, 4, u'2015-09-23T18:00:00Z', u'FINISHED', 6, 1, 1)
(145625, 394, 31, 7, u'2015-09-22T18:00:00Z', u'FINISHED', 6, 0, 1)
(145626, 394, 6, 19, u'2015-09-23T18:00:00Z', u'FINISHED', 6, 2, 0)
(145627, 394, 16, 8, u'2015-09-20T15:30:00Z', u'FINISHED', 5, 2, 0)
(145628, 394, 4, 3, u'2015-09-20T15:30:00Z', u'FINISHED', 5, 3, 0)
(145629, 394, 55, 5, u'2015-09-19T13:30:00Z', u'FINISHED', 5, 0, 3)
(145630, 394, 7, 19, u'2015-09-19T13:30:00Z', u'FINISHED', 5, 0, 0)
(145631, 394, 1, 18, u'2015-09-19T13:30:00Z', u'FINISHED', 5, 1, 0)
(145632, 394, 15, 2, u'2015-09-18T18:30:00Z', u'FINISHED', 5, 3, 1)
(145633, 394, 10, 6, u'2015-09-20T13:30:00Z', u'FINISHED', 5, 0, 1)
(145634, 394, 12, 31, u'2015-09-19T13:30:00Z', u'FINISHED', 5, 0, 1)
(145635, 394, 11, 9, u'2015-09-19T13:30:00Z', u'FINISHED', 5, 2, 0)
(145636, 394, 3, 55, u'2015-09-12T13:30:00Z', u'FINISHED', 4, 0, 1)
(145637, 394, 5, 16, u'2015-09-12T13:30:00Z', u'FINISHED', 4, 2, 1)
(145638, 394, 18, 7, u'2015-09-11T18:30:00Z', u'FINISHED', 4, 0, 3)
(145639, 394, 19, 1, u'2015-09-12T16:30:00Z', u'FINISHED', 4, 6, 2)
(145640, 394, 8, 4, u'2015-09-12T13:30:00Z', u'FINISHED', 4, 2, 4)
(145641, 394, 9, 10, u'2015-09-12T13:30:00Z', u'FINISHED', 4, 2, 1)
(145642, 394, 2, 12, u'2015-09-13T13:30:00Z', u'FINISHED', 4, 1, 3)
(145643, 394, 31, 11, u'2015-09-12T13:30:00Z', u'FINISHED', 4, 0, 0)
(145644, 394, 6, 15, u'2015-09-13T15:30:00Z', u'FINISHED', 4, 2, 1)
(145645, 394, 16, 31, u'2015-08-29T13:30:00Z', u'FINISHED', 3, 0, 1)
(145646, 394, 5, 3, u'2015-08-29T16:30:00Z', u'FINISHED', 3, 3, 0)
(145647, 394, 4, 9, u'2015-08-30T13:30:00Z', u'FINISHED', 3, 3, 1)
(145648, 394, 55, 2, u'2015-08-29T13:30:00Z', u'FINISHED', 3, 0, 0)
(145649, 394, 1, 7, u'2015-08-29T13:30:00Z', u'FINISHED', 3, 2, 1)
(145650, 394, 15, 8, u'2015-08-29T13:30:00Z', u'FINISHED', 3, 3, 0)
(145651, 394, 10, 19, u'2015-08-29T13:30:00Z', u'FINISHED', 3, 1, 4)
(145652, 394, 12, 18, u'2015-08-30T15:30:00Z', u'FINISHED', 3, 2, 1)
(145653, 394, 11, 6, u'2015-08-28T18:30:00Z', u'FINISHED', 3, 3, 0)
(145654, 394, 18, 15, u'2015-08-23T15:30:00Z', u'FINISHED', 2, 1, 2)
(145655, 394, 19, 16, u'2015-08-22T13:30:00Z', u'FINISHED', 2, 1, 1)
(145656, 394, 7, 10, u'2015-08-22T16:30:00Z', u'FINISHED', 2, 3, 2)
(145657, 394, 8, 3, u'2015-08-22T13:30:00Z', u'FINISHED', 2, 0, 1)
(145658, 394, 9, 12, u'2015-08-21T18:30:00Z', u'FINISHED', 2, 1, 1)
(145659, 394, 2, 5, u'2015-08-22T13:30:00Z', u'FINISHED', 2, 1, 2)
(145660, 394, 31, 4, u'2015-08-23T13:30:00Z', u'FINISHED', 2, 0, 4)
(145661, 394, 1, 11, u'2015-08-22T13:30:00Z', u'FINISHED', 2, 1, 1)
(145662, 394, 6, 55, u'2015-08-22T13:30:00Z', u'FINISHED', 2, 1, 1)
(145663, 394, 16, 9, u'2015-08-15T13:30:00Z', u'FINISHED', 1, 0, 1)
(145664, 394, 3, 2, u'2015-08-15T13:30:00Z', u'FINISHED', 1, 2, 1)
(145665, 394, 4, 18, u'2015-08-15T16:30:00Z', u'FINISHED', 1, 4, 0)
(145666, 394, 55, 8, u'2015-08-15T13:30:00Z', u'FINISHED', 1, 2, 2)
(145667, 394, 15, 31, u'2015-08-15T13:30:00Z', u'FINISHED', 1, 0, 1)
(145668, 394, 10, 1, u'2015-08-16T15:30:00Z', u'FINISHED', 1, 1, 3)
(145669, 394, 12, 6, u'2015-08-15T13:30:00Z', u'FINISHED', 1, 0, 3)
(145670, 394, 11, 19, u'2015-08-16T13:30:00Z', u'FINISHED', 1, 2, 1)
(145671, 394, 5, 7, u'2015-08-14T18:30:00Z', u'FINISHED', 1, 5, 0)
(145979, 396, 514, 526, u'2016-05-14T17:00:00Z', u'TIMED', 38, -1, -1)
(145980, 396, 538, 522, u'2016-05-14T17:00:00Z', u'TIMED', 38, -1, -1)
(145982, 396, 548, 518, u'2016-05-14T17:00:00Z', u'TIMED', 38, -1, -1)
(145983, 396, 524, 543, u'2016-05-14T17:00:00Z', u'TIMED', 38, -1, -1)
(145984, 396, 547, 523, u'2016-05-14T17:00:00Z', u'TIMED', 38, -1, -1)
(145985, 396, 529, 536, u'2016-05-14T17:00:00Z', u'TIMED', 38, -1, -1)
(145986, 396, 527, 521, u'2016-05-14T17:00:00Z', u'TIMED', 38, -1, -1)
(145989, 396, 526, 525, u'2016-05-07T17:00:00Z', u'TIMED', 37, -1, -1)
(145991, 396, 521, 538, u'2016-05-07T17:00:00Z', u'TIMED', 37, -1, -1)
(145992, 396, 518, 529, u'2016-05-07T17:00:00Z', u'TIMED', 37, -1, -1)
(145993, 396, 543, 514, u'2016-05-07T17:00:00Z', u'TIMED', 37, -1, -1)
(145994, 396, 522, 527, u'2016-05-07T17:00:00Z', u'TIMED', 37, -1, -1)
(145995, 396, 523, 548, u'2016-05-07T17:00:00Z', u'TIMED', 37, -1, -1)
(145996, 396, 516, 547, u'2016-05-07T17:00:00Z', u'TIMED', 37, -1, -1)
(145999, 396, 514, 536, u'2016-04-30T17:00:00Z', u'TIMED', 36, -1, -1)
(146000, 396, 525, 521, u'2016-04-30T17:00:00Z', u'TIMED', 36, -1, -1)
(146001, 396, 548, 538, u'2016-04-30T17:00:00Z', u'TIMED', 36, -1, -1)
(146002, 396, 543, 522, u'2016-04-30T17:00:00Z', u'TIMED', 36, -1, -1)
(146004, 396, 524, 529, u'2016-04-30T17:00:00Z', u'TIMED', 36, -1, -1)
(146005, 396, 547, 518, u'2016-04-30T17:00:00Z', u'TIMED', 36, -1, -1)
(146006, 396, 527, 511, u'2016-04-30T17:00:00Z', u'TIMED', 36, -1, -1)
(146008, 396, 526, 524, u'2016-04-24T17:00:00Z', u'TIMED', 35, -1, -1)
(146010, 396, 538, 514, u'2016-04-24T17:00:00Z', u'TIMED', 35, -1, -1)
(146013, 396, 522, 547, u'2016-04-24T17:00:00Z', u'TIMED', 35, -1, -1)
(146014, 396, 516, 543, u'2016-04-24T17:00:00Z', u'TIMED', 35, -1, -1)
(146015, 396, 529, 548, u'2016-04-24T17:00:00Z', u'TIMED', 35, -1, -1)
(146016, 396, 527, 525, u'2016-04-24T17:00:00Z', u'TIMED', 35, -1, -1)
(146017, 396, 511, 523, u'2016-04-24T17:00:00Z', u'TIMED', 35, -1, -1)
(146018, 396, 536, 527, u'2016-04-16T17:00:00Z', u'TIMED', 34, -1, -1)
(146021, 396, 525, 511, u'2016-04-16T17:00:00Z', u'TIMED', 34, -1, -1)
(146022, 396, 548, 516, u'2016-04-16T17:00:00Z', u'TIMED', 34, -1, -1)
(146023, 396, 543, 518, u'2016-04-16T17:00:00Z', u'TIMED', 34, -1, -1)
(146024, 396, 523, 522, u'2016-04-16T17:00:00Z', u'TIMED', 34, -1, -1)
(146025, 396, 524, 514, u'2016-04-16T17:00:00Z', u'TIMED', 34, -1, -1)
(146026, 396, 529, 538, u'2016-04-16T17:00:00Z', u'TIMED', 34, -1, -1)
(146029, 396, 514, 525, u'2016-04-09T17:00:00Z', u'TIMED', 33, -1, -1)
(146030, 396, 538, 524, u'2016-04-09T17:00:00Z', u'TIMED', 33, -1, -1)
(146031, 396, 521, 548, u'2016-04-09T17:00:00Z', u'TIMED', 33, -1, -1)
(146032, 396, 518, 523, u'2016-04-09T17:00:00Z', u'TIMED', 33, -1, -1)
(146033, 396, 522, 529, u'2016-04-09T17:00:00Z', u'TIMED', 33, -1, -1)
(146034, 396, 516, 526, u'2016-04-09T17:00:00Z', u'TIMED', 33, -1, -1)
(146035, 396, 547, 543, u'2016-04-09T17:00:00Z', u'TIMED', 33, -1, -1)
(146037, 396, 511, 536, u'2016-04-09T17:00:00Z', u'TIMED', 33, -1, -1)
(146038, 396, 536, 516, u'2016-04-02T17:00:00Z', u'TIMED', 32, -1, -1)
(146040, 396, 538, 518, u'2016-04-02T17:00:00Z', u'TIMED', 32, -1, -1)
(146041, 396, 525, 523, u'2016-04-02T17:00:00Z', u'TIMED', 32, -1, -1)
(146042, 396, 548, 526, u'2016-04-02T17:00:00Z', u'TIMED', 32, -1, -1)
(146043, 396, 543, 521, u'2016-04-02T17:00:00Z', u'TIMED', 32, -1, -1)
(146044, 396, 524, 522, u'2016-04-02T17:00:00Z', u'TIMED', 32, -1, -1)
(146045, 396, 529, 547, u'2016-04-02T17:00:00Z', u'TIMED', 32, -1, -1)
(146046, 396, 511, 514, u'2016-04-02T17:00:00Z', u'TIMED', 32, -1, -1)
(146049, 396, 526, 536, u'2016-03-19T18:00:00Z', u'TIMED', 31, -1, -1)
(146051, 396, 521, 511, u'2016-03-19T18:00:00Z', u'TIMED', 31, -1, -1)
(146053, 396, 523, 543, u'2016-03-19T18:00:00Z', u'TIMED', 31, -1, -1)
(146054, 396, 516, 529, u'2016-03-19T18:00:00Z', u'TIMED', 31, -1, -1)
(146055, 396, 524, 548, u'2016-03-19T18:00:00Z', u'TIMED', 31, -1, -1)
(146056, 396, 547, 538, u'2016-03-19T18:00:00Z', u'TIMED', 31, -1, -1)
(146057, 396, 527, 518, u'2016-03-19T18:00:00Z', u'TIMED', 31, -1, -1)
(146058, 396, 536, 521, u'2016-03-12T18:00:00Z', u'TIMED', 30, -1, -1)
(146060, 396, 538, 527, u'2016-03-12T18:00:00Z', u'TIMED', 30, -1, -1)
(146061, 396, 525, 516, u'2016-03-12T18:00:00Z', u'TIMED', 30, -1, -1)
(146062, 396, 548, 547, u'2016-03-12T18:00:00Z', u'TIMED', 30, -1, -1)
(146063, 396, 518, 522, u'2016-03-12T18:00:00Z', u'TIMED', 30, -1, -1)
(146065, 396, 529, 523, u'2016-03-12T18:00:00Z', u'TIMED', 30, -1, -1)
(146066, 396, 511, 526, u'2016-03-12T18:00:00Z', u'TIMED', 30, -1, -1)
(146069, 396, 536, 525, u'2016-03-05T18:00:00Z', u'TIMED', 29, -1, -1)
(146071, 396, 514, 548, u'2016-03-05T18:00:00Z', u'TIMED', 29, -1, -1)
(146072, 396, 521, 547, u'2016-03-05T18:00:00Z', u'TIMED', 29, -1, -1)
(146074, 396, 523, 538, u'2016-03-05T18:00:00Z', u'TIMED', 29, -1, -1)
(146075, 396, 516, 511, u'2016-03-05T18:00:00Z', u'TIMED', 29, -1, -1)
(146076, 396, 524, 518, u'2016-03-05T18:00:00Z', u'TIMED', 29, -1, -1)
(146077, 396, 529, 543, u'2016-03-05T18:00:00Z', u'TIMED', 29, -1, -1)
(146080, 396, 518, 521, u'2016-02-27T18:00:00Z', u'TIMED', 28, -1, -1)
(146081, 396, 543, 548, u'2016-02-27T18:00:00Z', u'TIMED', 28, -1, -1)
(146082, 396, 522, 536, u'2016-02-27T18:00:00Z', u'TIMED', 28, -1, -1)
(146083, 396, 523, 524, u'2016-02-27T18:00:00Z', u'TIMED', 28, -1, -1)
(146084, 396, 547, 526, u'2016-02-27T18:00:00Z', u'TIMED', 28, -1, -1)
(146085, 396, 527, 514, u'2016-02-27T18:00:00Z', u'TIMED', 28, -1, -1)
(146086, 396, 511, 529, u'2016-02-27T18:00:00Z', u'TIMED', 28, -1, -1)
(146089, 396, 536, 543, u'2016-02-20T18:00:00Z', u'TIMED', 27, -1, -1)
(146090, 396, 526, 522, u'2016-02-20T18:00:00Z', u'TIMED', 27, -1, -1)
(146091, 396, 514, 529, u'2016-02-20T18:00:00Z', u'TIMED', 27, -1, -1)
(146092, 396, 521, 523, u'2016-02-20T18:00:00Z', u'TIMED', 27, -1, -1)
(146093, 396, 525, 538, u'2016-02-20T18:00:00Z', u'TIMED', 27, -1, -1)
(146095, 396, 516, 527, u'2016-02-20T18:00:00Z', u'TIMED', 27, -1, -1)
(146096, 396, 524, 547, u'2016-02-20T18:00:00Z', u'TIMED', 27, -1, -1)
(146098, 396, 538, 526, u'2016-02-13T18:00:00Z', u'TIMED', 26, -1, -1)
(146099, 396, 518, 511, u'2016-02-13T18:00:00Z', u'TIMED', 26, -1, -1)
(146100, 396, 543, 525, u'2016-02-13T18:00:00Z', u'TIMED', 26, -1, -1)
(146101, 396, 522, 516, u'2016-02-13T18:00:00Z', u'TIMED', 26, -1, -1)
(146102, 396, 523, 514, u'2016-02-13T18:00:00Z', u'TIMED', 26, -1, -1)
(146103, 396, 524, 521, u'2016-02-13T18:00:00Z', u'TIMED', 26, -1, -1)
(146104, 396, 547, 536, u'2016-02-13T18:00:00Z', u'TIMED', 26, -1, -1)
(146106, 396, 527, 548, u'2016-02-13T18:00:00Z', u'TIMED', 26, -1, -1)
(146110, 396, 526, 527, u'2016-02-06T18:00:00Z', u'TIMED', 25, -1, -1)
(146111, 396, 514, 547, u'2016-02-06T18:00:00Z', u'TIMED', 25, -1, -1)
(146113, 396, 521, 529, u'2016-02-06T18:00:00Z', u'TIMED', 25, -1, -1)
(146114, 396, 525, 518, u'2016-02-06T18:00:00Z', u'TIMED', 25, -1, -1)
(146115, 396, 548, 522, u'2016-02-06T18:00:00Z', u'TIMED', 25, -1, -1)
(146116, 396, 516, 524, u'2016-02-06T18:00:00Z', u'TIMED', 25, -1, -1)
(146117, 396, 511, 543, u'2016-02-06T18:00:00Z', u'TIMED', 25, -1, -1)
(146119, 396, 521, 514, u'2016-02-03T18:00:00Z', u'TIMED', 24, -1, -1)
(146120, 396, 548, 536, u'2016-02-03T18:00:00Z', u'TIMED', 24, -1, -1)
(146121, 396, 518, 516, u'2016-02-03T18:00:00Z', u'TIMED', 24, -1, -1)
(146123, 396, 522, 511, u'2016-02-03T18:00:00Z', u'TIMED', 24, -1, -1)
(146124, 396, 523, 526, u'2016-02-03T18:00:00Z', u'TIMED', 24, -1, -1)
(146125, 396, 524, 525, u'2016-02-03T18:00:00Z', u'TIMED', 24, -1, -1)
(146127, 396, 529, 527, u'2016-02-03T18:00:00Z', u'TIMED', 24, -1, -1)
(146129, 396, 536, 523, u'2016-01-30T18:00:00Z', u'TIMED', 23, -1, -1)
(146130, 396, 526, 529, u'2016-01-30T18:00:00Z', u'TIMED', 23, -1, -1)
(146131, 396, 514, 522, u'2016-01-30T18:00:00Z', u'TIMED', 23, -1, -1)
(146133, 396, 525, 547, u'2016-01-30T18:00:00Z', u'TIMED', 23, -1, -1)
(146134, 396, 516, 521, u'2016-01-30T18:00:00Z', u'TIMED', 23, -1, -1)
(146135, 396, 527, 524, u'2016-01-30T18:00:00Z', u'TIMED', 23, -1, -1)
(146136, 396, 511, 538, u'2016-01-30T18:00:00Z', u'TIMED', 23, -1, -1)
(146138, 396, 538, 536, u'2016-01-23T18:00:00Z', u'TIMED', 22, -1, -1)
(146140, 396, 548, 511, u'2016-01-23T18:00:00Z', u'TIMED', 22, -1, -1)
(146141, 396, 518, 514, u'2016-01-23T18:00:00Z', u'TIMED', 22, -1, -1)
(146142, 396, 543, 526, u'2016-01-23T18:00:00Z', u'TIMED', 22, -1, -1)
(146143, 396, 522, 525, u'2016-01-23T18:00:00Z', u'TIMED', 22, -1, -1)
(146144, 396, 523, 516, u'2016-01-23T18:00:00Z', u'TIMED', 22, -1, -1)
(146146, 396, 547, 527, u'2016-01-23T18:00:00Z', u'TIMED', 22, -1, -1)
(146148, 396, 536, 518, u'2016-01-16T18:00:00Z', u'TIMED', 21, -1, -1)
(146149, 396, 526, 521, u'2016-01-16T18:00:00Z', u'TIMED', 21, -1, -1)
(146150, 396, 514, 516, u'2016-01-16T18:00:00Z', u'TIMED', 21, -1, -1)
(146152, 396, 538, 543, u'2016-01-16T18:00:00Z', u'TIMED', 21, -1, -1)
(146153, 396, 525, 548, u'2016-01-16T18:00:00Z', u'TIMED', 21, -1, -1)
(146155, 396, 527, 523, u'2016-01-16T18:00:00Z', u'TIMED', 21, -1, -1)
(146156, 396, 511, 524, u'2016-01-16T18:00:00Z', u'TIMED', 21, -1, -1)
(146159, 396, 521, 522, u'2016-01-09T18:00:00Z', u'TIMED', 20, -1, -1)
(146161, 396, 518, 526, u'2016-01-09T18:00:00Z', u'TIMED', 20, -1, -1)
(146162, 396, 543, 527, u'2016-01-09T18:00:00Z', u'TIMED', 20, -1, -1)
(146164, 396, 516, 538, u'2016-01-09T18:00:00Z', u'TIMED', 20, -1, -1)
(146165, 396, 524, 536, u'2016-01-09T18:00:00Z', u'TIMED', 20, -1, -1)
(146166, 396, 547, 511, u'2016-01-09T18:00:00Z', u'TIMED', 20, -1, -1)
(146167, 396, 529, 525, u'2016-01-09T18:00:00Z', u'TIMED', 20, -1, -1)
(146168, 396, 536, 547, u'2015-12-19T18:00:00Z', u'TIMED', 19, -1, -1)
(146169, 396, 526, 516, u'2015-12-19T18:00:00Z', u'TIMED', 19, -1, -1)
(146170, 396, 514, 524, u'2015-12-19T18:00:00Z', u'TIMED', 19, -1, -1)
(146172, 396, 538, 529, u'2015-12-19T18:00:00Z', u'TIMED', 19, -1, -1)
(146173, 396, 525, 543, u'2015-12-19T18:00:00Z', u'TIMED', 19, -1, -1)
(146174, 396, 522, 518, u'2015-12-19T18:00:00Z', u'TIMED', 19, -1, -1)
(146176, 396, 511, 521, u'2015-12-19T18:00:00Z', u'TIMED', 19, -1, -1)
(146179, 396, 521, 525, u'2015-12-12T18:00:00Z', u'TIMED', 18, -1, -1)
(146180, 396, 548, 527, u'2015-12-12T18:00:00Z', u'TIMED', 18, -1, -1)
(146181, 396, 518, 538, u'2015-12-12T18:00:00Z', u'TIMED', 18, -1, -1)
(146182, 396, 543, 511, u'2015-12-12T18:00:00Z', u'TIMED', 18, -1, -1)
(146184, 396, 524, 523, u'2015-12-12T18:00:00Z', u'TIMED', 18, -1, -1)
(146185, 396, 547, 522, u'2015-12-12T18:00:00Z', u'TIMED', 18, -1, -1)
(146186, 396, 529, 514, u'2015-12-12T18:00:00Z', u'TIMED', 18, -1, -1)
(146188, 396, 536, 548, u'2015-12-05T18:00:00Z', u'TIMED', 17, -1, -1)
(146189, 396, 526, 538, u'2015-12-05T18:00:00Z', u'TIMED', 17, -1, -1)
(146190, 396, 514, 521, u'2015-12-05T18:00:00Z', u'TIMED', 17, -1, -1)
(146192, 396, 522, 524, u'2015-12-05T18:00:00Z', u'TIMED', 17, -1, -1)
(146194, 396, 516, 518, u'2015-12-05T18:00:00Z', u'TIMED', 17, -1, -1)
(146196, 396, 527, 529, u'2015-12-05T18:00:00Z', u'TIMED', 17, -1, -1)
(146197, 396, 511, 525, u'2015-12-05T18:00:00Z', u'TIMED', 17, -1, -1)
(146199, 396, 536, 526, u'2015-12-02T18:00:00Z', u'TIMED', 16, -1, -1)
(146200, 396, 538, 547, u'2015-12-02T18:00:00Z', u'TIMED', 16, -1, -1)
(146201, 396, 521, 527, u'2015-12-02T18:00:00Z', u'TIMED', 16, -1, -1)
(146202, 396, 525, 522, u'2015-12-02T18:00:00Z', u'TIMED', 16, -1, -1)
(146203, 396, 548, 514, u'2015-12-02T18:00:00Z', u'TIMED', 16, -1, -1)
(146205, 396, 543, 523, u'2015-12-02T18:00:00Z', u'TIMED', 16, -1, -1)
(146206, 396, 529, 516, u'2015-12-02T18:00:00Z', u'TIMED', 16, -1, -1)
(146209, 396, 526, 514, u'2015-11-28T18:00:00Z', u'TIMED', 15, -1, -1)
(146211, 396, 543, 536, u'2015-11-28T18:00:00Z', u'TIMED', 15, -1, -1)
(146212, 396, 523, 518, u'2015-11-28T18:00:00Z', u'TIMED', 15, -1, -1)
(146213, 396, 516, 548, u'2015-11-29T20:00:00Z', u'TIMED', 15, -1, -1)
(146215, 396, 547, 529, u'2015-11-28T18:00:00Z', u'TIMED', 15, -1, -1)
(146216, 396, 527, 538, u'2015-11-28T18:00:00Z', u'TIMED', 15, -1, -1)
(146217, 396, 511, 522, u'2015-11-28T18:00:00Z', u'TIMED', 15, -1, -1)
(146220, 396, 538, 511, u'2015-11-21T18:00:00Z', u'TIMED', 14, -1, -1)
(146221, 396, 525, 524, u'2015-11-21T18:00:00Z', u'TIMED', 14, -1, -1)
(146222, 396, 548, 543, u'2015-11-21T18:00:00Z', u'TIMED', 14, -1, -1)
(146223, 396, 518, 547, u'2015-11-21T18:00:00Z', u'TIMED', 14, -1, -1)
(146224, 396, 522, 523, u'2015-11-21T18:00:00Z', u'TIMED', 14, -1, -1)
(146225, 396, 529, 526, u'2015-11-21T18:00:00Z', u'TIMED', 14, -1, -1)
(146226, 396, 527, 516, u'2015-11-21T18:00:00Z', u'TIMED', 14, -1, -1)
(146229, 396, 526, 548, u'2015-11-07T18:00:00Z', u'TIMED', 13, -1, -1)
(146230, 396, 514, 538, u'2015-11-07T18:00:00Z', u'TIMED', 13, -1, -1)
(146231, 396, 521, 536, u'2015-11-07T18:00:00Z', u'TIMED', 13, -1, -1)
(146233, 396, 518, 543, u'2015-11-07T18:00:00Z', u'TIMED', 13, -1, -1)
(146234, 396, 523, 527, u'2015-11-08T20:00:00Z', u'TIMED', 13, -1, -1)
(146235, 396, 516, 522, u'2015-11-07T18:00:00Z', u'TIMED', 13, -1, -1)
(146236, 396, 524, 511, u'2015-11-07T18:00:00Z', u'TIMED', 13, -1, -1)
(146238, 396, 536, 514, u'2015-10-31T19:00:00Z', u'TIMED', 12, -1, -1)
(146240, 396, 538, 525, u'2015-10-31T19:00:00Z', u'TIMED', 12, -1, -1)
(146242, 396, 543, 516, u'2015-11-01T20:00:00Z', u'TIMED', 12, -1, -1)
(146243, 396, 522, 521, u'2015-11-01T13:00:00Z', u'TIMED', 12, -1, -1)
(146244, 396, 529, 524, u'2015-10-30T19:30:00Z', u'TIMED', 12, -1, -1)
(146245, 396, 527, 547, u'2015-10-31T16:00:00Z', u'TIMED', 12, -1, -1)
(146246, 396, 511, 518, u'2015-10-31T19:00:00Z', u'TIMED', 12, -1, -1)
(146250, 396, 514, 543, u'2015-10-23T16:30:00Z', u'TIMED', 11, -1, -1)
(146252, 396, 521, 516, u'2015-10-25T16:00:00Z', u'TIMED', 11, -1, -1)
(146253, 396, 525, 529, u'2015-10-24T15:00:00Z', u'TIMED', 11, -1, -1)
(146254, 396, 518, 536, u'2015-10-24T18:00:00Z', u'TIMED', 11, -1, -1)
(146255, 396, 523, 511, u'2015-10-23T18:30:00Z', u'TIMED', 11, -1, -1)
(146256, 396, 524, 527, u'2015-10-25T20:00:00Z', u'TIMED', 11, -1, -1)
(146257, 396, 547, 548, u'2015-10-25T13:00:00Z', u'TIMED', 11, -1, -1)
(146258, 396, 536, 524, u'2015-10-17T15:00:00Z', u'TIMED', 10, -1, -1)
(146259, 396, 526, 518, u'2015-10-18T15:00:00Z', u'TIMED', 10, -1, -1)
(146260, 396, 538, 521, u'2015-10-17T18:00:00Z', u'TIMED', 10, -1, -1)
(146261, 396, 548, 523, u'2015-10-16T18:30:00Z', u'TIMED', 10, -1, -1)
(146263, 396, 516, 525, u'2015-10-18T12:00:00Z', u'TIMED', 10, -1, -1)
(146264, 396, 547, 514, u'2015-10-17T18:00:00Z', u'TIMED', 10, -1, -1)
(146265, 396, 529, 522, u'2015-10-18T19:00:00Z', u'TIMED', 10, -1, -1)
(146269, 396, 514, 527, u'2015-10-04T15:00:00Z', u'FINISHED', 9, 1, 0)
(146271, 396, 521, 518, u'2015-10-02T18:30:00Z', u'FINISHED', 9, 2, 0)
(146272, 396, 525, 526, u'2015-10-04T15:00:00Z', u'FINISHED', 9, 3, 2)
(146273, 396, 548, 529, u'2015-10-04T12:00:00Z', u'FINISHED', 9, 1, 1)
(146274, 396, 522, 543, u'2015-10-03T18:00:00Z', u'SCHEDULED', 9, -1, -1)
(146275, 396, 523, 547, u'2015-10-03T15:30:00Z', u'FINISHED', 9, 1, 0)
(146276, 396, 524, 516, u'2015-10-04T19:00:00Z', u'FINISHED', 9, 2, 1)
(146278, 396, 536, 511, u'2015-09-26T18:00:00Z', u'FINISHED', 8, 3, 0)
(146279, 396, 526, 523, u'2015-09-26T18:00:00Z', u'FINISHED', 8, 3, 1)
(146281, 396, 538, 548, u'2015-09-27T15:00:00Z', u'FINISHED', 8, 3, 3)
(146282, 396, 518, 525, u'2015-09-27T15:00:00Z', u'FINISHED', 8, 2, 1)
(146283, 396, 543, 524, u'2015-09-26T15:30:00Z', u'FINISHED', 8, 1, 4)
(146285, 396, 547, 521, u'2015-09-25T18:30:00Z', u'FINISHED', 8, 1, 0)
(146287, 396, 527, 522, u'2015-09-27T19:00:00Z', u'FINISHED', 8, 1, 4)
(146290, 396, 521, 543, u'2015-09-29T16:30:00Z', u'FINISHED', 7, 0, 1)
(146291, 396, 525, 514, u'2015-09-23T17:00:00Z', u'FINISHED', 7, 2, 0)
(146292, 396, 518, 548, u'2015-09-24T16:55:00Z', u'FINISHED', 7, 2, 3)
(146293, 396, 522, 526, u'2015-09-23T17:00:00Z', u'FINISHED', 7, 6, 1)
(146294, 396, 523, 536, u'2015-09-23T17:00:00Z', u'FINISHED', 7, 2, 0)
(146295, 396, 524, 538, u'2015-09-22T19:00:00Z', u'FINISHED', 7, 3, 0)
(146296, 396, 511, 516, u'2015-09-23T19:00:00Z', u'FINISHED', 7, 1, 1)
(146299, 396, 536, 522, u'2015-09-19T18:00:00Z', u'FINISHED', 6, 1, 3)
(146300, 396, 526, 511, u'2015-09-20T12:00:00Z', u'FINISHED', 6, 1, 1)
(146301, 396, 514, 518, u'2015-09-19T18:00:00Z', u'FINISHED', 6, 2, 1)
(146303, 396, 548, 525, u'2015-09-20T15:00:00Z', u'FINISHED', 6, 2, 3)
(146304, 396, 516, 523, u'2015-09-20T19:00:00Z', u'FINISHED', 6, 1, 1)
(146305, 396, 547, 524, u'2015-09-19T15:30:00Z', u'FINISHED', 6, 1, 1)
(146306, 396, 529, 521, u'2015-09-18T18:30:00Z', u'FINISHED', 6, 1, 1)
(146307, 396, 527, 543, u'2015-09-20T15:00:00Z', u'FINISHED', 6, 2, 0)
(146310, 396, 518, 527, u'2015-09-12T18:00:00Z', u'FINISHED', 5, 1, 2)
(146311, 396, 543, 529, u'2015-09-13T15:00:00Z', u'FINISHED', 5, 0, 2)
(146312, 396, 522, 538, u'2015-09-12T18:00:00Z', u'FINISHED', 5, 0, 1)
(146313, 396, 523, 521, u'2015-09-12T15:00:00Z', u'FINISHED', 5, 0, 0)
(146314, 396, 516, 536, u'2015-09-13T19:00:00Z', u'FINISHED', 5, 4, 1)
(146315, 396, 524, 526, u'2015-09-11T18:30:00Z', u'FINISHED', 5, 2, 2)
(146316, 396, 511, 547, u'2015-09-12T18:00:00Z', u'FINISHED', 5, 2, 2)
(146319, 396, 526, 543, u'2015-08-30T15:00:00Z', u'FINISHED', 4, 2, 0)
(146320, 396, 514, 523, u'2015-08-29T15:00:00Z', u'FINISHED', 4, 0, 4)
(146321, 396, 538, 516, u'2015-08-28T18:30:00Z', u'FINISHED', 4, 2, 0)
(146323, 396, 548, 524, u'2015-08-30T19:00:00Z', u'FINISHED', 4, 0, 3)
(146324, 396, 547, 525, u'2015-08-29T18:00:00Z', u'FINISHED', 4, 4, 1)
(146325, 396, 529, 511, u'2015-08-29T18:00:00Z', u'FINISHED', 4, 3, 1)
(146326, 396, 527, 536, u'2015-08-30T12:00:00Z', u'FINISHED', 4, 2, 1)
(146328, 396, 536, 538, u'2015-08-22T18:00:00Z', u'FINISHED', 3, 3, 0)
(146330, 396, 521, 526, u'2015-08-23T12:00:00Z', u'FINISHED', 3, 0, 0)
(146331, 396, 525, 527, u'2015-08-23T15:00:00Z', u'FINISHED', 3, 0, 1)
(146332, 396, 518, 524, u'2015-08-21T18:30:00Z', u'FINISHED', 3, 0, 1)
(146333, 396, 543, 547, u'2015-08-22T18:00:00Z', u'FINISHED', 3, 1, 0)
(146334, 396, 522, 514, u'2015-08-22T18:00:00Z', u'FINISHED', 3, 2, 1)
(146335, 396, 523, 529, u'2015-08-22T15:00:00Z', u'FINISHED', 3, 1, 2)
(146337, 396, 511, 548, u'2015-08-22T18:00:00Z', u'FINISHED', 3, 1, 1)
(146339, 396, 514, 511, u'2015-08-15T18:00:00Z', u'FINISHED', 2, 1, 0)
(146340, 396, 538, 523, u'2015-08-15T18:00:00Z', u'FINISHED', 2, 0, 1)
(146341, 396, 525, 536, u'2015-08-16T15:00:00Z', u'FINISHED', 2, 1, 1)
(146342, 396, 548, 521, u'2015-08-14T18:30:00Z', u'FINISHED', 2, 0, 0)
(146344, 396, 547, 516, u'2015-08-16T12:00:00Z', u'FINISHED', 2, 1, 0)
(146345, 396, 529, 518, u'2015-08-15T18:00:00Z', u'FINISHED', 2, 1, 0)
(146346, 396, 527, 526, u'2015-08-15T15:00:00Z', u'FINISHED', 2, 1, 1)
(146348, 396, 536, 529, u'2015-08-08T19:00:00Z', u'FINISHED', 1, 2, 1)
(146349, 396, 526, 547, u'2015-08-09T15:00:00Z', u'FINISHED', 1, 1, 2)
(146351, 396, 521, 524, u'2015-08-07T18:30:00Z', u'FINISHED', 1, 0, 1)
(146353, 396, 543, 538, u'2015-08-08T19:00:00Z', u'FINISHED', 1, 1, 0)
(146354, 396, 522, 548, u'2015-08-08T19:00:00Z', u'FINISHED', 1, 1, 2)
(146355, 396, 523, 525, u'2015-08-09T19:00:00Z', u'FINISHED', 1, 0, 0)
(146356, 396, 516, 514, u'2015-08-08T19:00:00Z', u'FINISHED', 1, 0, 1)
(146357, 396, 511, 527, u'2015-08-09T15:00:00Z', u'FINISHED', 1, 2, 1)
(146738, 398, 57, 58, u'2016-05-15T14:00:00Z', u'TIMED', 38, -1, -1)
(146739, 398, 61, 338, u'2016-05-15T14:00:00Z', u'TIMED', 38, -1, -1)
(146740, 398, 62, 68, u'2016-05-15T14:00:00Z', u'TIMED', 38, -1, -1)
(146741, 398, 67, 73, u'2016-05-15T14:00:00Z', u'TIMED', 38, -1, -1)
(146742, 398, 340, 354, u'2016-05-15T14:00:00Z', u'TIMED', 38, -1, -1)
(146743, 398, 70, 563, u'2016-05-15T14:00:00Z', u'TIMED', 38, -1, -1)
(146744, 398, 72, 65, u'2016-05-15T14:00:00Z', u'TIMED', 38, -1, -1)
(146745, 398, 346, 71, u'2016-05-15T14:00:00Z', u'TIMED', 38, -1, -1)
(146746, 398, 74, 64, u'2016-05-15T14:00:00Z', u'TIMED', 38, -1, -1)
(146747, 398, 58, 67, u'2016-05-07T14:00:00Z', u'TIMED', 37, -1, -1)
(146748, 398, 354, 70, u'2016-05-07T14:00:00Z', u'TIMED', 37, -1, -1)
(146749, 398, 338, 62, u'2016-05-07T14:00:00Z', u'TIMED', 37, -1, -1)
(146750, 398, 64, 346, u'2016-05-07T14:00:00Z', u'TIMED', 37, -1, -1)
(146751, 398, 65, 57, u'2016-05-07T14:00:00Z', u'TIMED', 37, -1, -1)
(146752, 398, 68, 66, u'2016-05-07T14:00:00Z', u'TIMED', 37, -1, -1)
(146753, 398, 71, 61, u'2016-05-07T14:00:00Z', u'TIMED', 37, -1, -1)
(146754, 398, 73, 340, u'2016-05-07T14:00:00Z', u'TIMED', 37, -1, -1)
(146755, 398, 563, 72, u'2016-05-07T14:00:00Z', u'TIMED', 37, -1, -1)
(146756, 398, 57, 68, u'2016-04-30T14:00:00Z', u'TIMED', 36, -1, -1)
(146757, 398, 61, 73, u'2016-04-30T14:00:00Z', u'TIMED', 36, -1, -1)
(146758, 398, 66, 338, u'2016-04-30T14:00:00Z', u'TIMED', 36, -1, -1)
(146759, 398, 67, 354, u'2016-04-30T14:00:00Z', u'TIMED', 36, -1, -1)
(146760, 398, 340, 65, u'2016-04-30T14:00:00Z', u'TIMED', 36, -1, -1)
(146761, 398, 70, 71, u'2016-04-30T14:00:00Z', u'TIMED', 36, -1, -1)
(146762, 398, 72, 64, u'2016-04-30T14:00:00Z', u'TIMED', 36, -1, -1)
(146763, 398, 346, 58, u'2016-04-30T14:00:00Z', u'TIMED', 36, -1, -1)
(146764, 398, 74, 563, u'2016-04-30T14:00:00Z', u'TIMED', 36, -1, -1)
(146765, 398, 58, 340, u'2016-04-23T14:00:00Z', u'TIMED', 35, -1, -1)
(146766, 398, 354, 62, u'2016-04-23T14:00:00Z', u'TIMED', 35, -1, -1)
(146767, 398, 338, 72, u'2016-04-23T14:00:00Z', u'TIMED', 35, -1, -1)
(146768, 398, 64, 67, u'2016-04-23T14:00:00Z', u'TIMED', 35, -1, -1)
(146769, 398, 65, 70, u'2016-04-23T14:00:00Z', u'TIMED', 35, -1, -1)
(146770, 398, 68, 346, u'2016-04-23T14:00:00Z', u'TIMED', 35, -1, -1)
(146771, 398, 71, 57, u'2016-04-23T14:00:00Z', u'TIMED', 35, -1, -1)
(146772, 398, 73, 74, u'2016-04-23T14:00:00Z', u'TIMED', 35, -1, -1)
(146773, 398, 563, 66, u'2016-04-23T14:00:00Z', u'TIMED', 35, -1, -1)
(146774, 398, 57, 354, u'2016-04-16T14:00:00Z', u'TIMED', 34, -1, -1)
(146775, 398, 61, 65, u'2016-04-16T14:00:00Z', u'TIMED', 34, -1, -1)
(146776, 398, 62, 340, u'2016-04-16T14:00:00Z', u'TIMED', 34, -1, -1)
(146777, 398, 338, 563, u'2016-04-16T14:00:00Z', u'TIMED', 34, -1, -1)
(146778, 398, 66, 58, u'2016-04-16T14:00:00Z', u'TIMED', 34, -1, -1)
(146779, 398, 67, 72, u'2016-04-16T14:00:00Z', u'TIMED', 34, -1, -1)
(146780, 398, 68, 71, u'2016-04-16T14:00:00Z', u'TIMED', 34, -1, -1)
(146781, 398, 70, 73, u'2016-04-16T14:00:00Z', u'TIMED', 34, -1, -1)
(146782, 398, 74, 346, u'2016-04-16T14:00:00Z', u'TIMED', 34, -1, -1)
(146783, 398, 354, 68, u'2016-04-09T14:00:00Z', u'TIMED', 33, -1, -1)
(146784, 398, 64, 70, u'2016-04-09T14:00:00Z', u'TIMED', 33, -1, -1)
(146785, 398, 65, 74, u'2016-04-09T14:00:00Z', u'TIMED', 33, -1, -1)
(146786, 398, 340, 67, u'2016-04-09T14:00:00Z', u'TIMED', 33, -1, -1)
(146787, 398, 71, 338, u'2016-04-09T14:00:00Z', u'TIMED', 33, -1, -1)
(146788, 398, 72, 61, u'2016-04-09T14:00:00Z', u'TIMED', 33, -1, -1)
(146789, 398, 73, 66, u'2016-04-09T14:00:00Z', u'TIMED', 33, -1, -1)
(146790, 398, 346, 62, u'2016-04-09T14:00:00Z', u'TIMED', 33, -1, -1)
(146791, 398, 563, 57, u'2016-04-09T14:00:00Z', u'TIMED', 33, -1, -1)
(146792, 398, 57, 346, u'2016-04-02T14:00:00Z', u'TIMED', 32, -1, -1)
(146793, 398, 58, 61, u'2016-04-02T14:00:00Z', u'TIMED', 32, -1, -1)
(146794, 398, 338, 340, u'2016-04-02T14:00:00Z', u'TIMED', 32, -1, -1)
(146795, 398, 64, 73, u'2016-04-02T14:00:00Z', u'TIMED', 32, -1, -1)
(146796, 398, 66, 62, u'2016-04-02T14:00:00Z', u'TIMED', 32, -1, -1)
(146797, 398, 68, 67, u'2016-04-02T14:00:00Z', u'TIMED', 32, -1, -1)
(146798, 398, 70, 72, u'2016-04-02T14:00:00Z', u'TIMED', 32, -1, -1)
(146799, 398, 71, 74, u'2016-04-02T14:00:00Z', u'TIMED', 32, -1, -1)
(146800, 398, 563, 354, u'2016-04-02T14:00:00Z', u'TIMED', 32, -1, -1)
(146801, 398, 61, 563, u'2016-03-19T15:00:00Z', u'TIMED', 31, -1, -1)
(146802, 398, 354, 338, u'2016-03-19T15:00:00Z', u'TIMED', 31, -1, -1)
(146803, 398, 62, 57, u'2016-03-19T15:00:00Z', u'TIMED', 31, -1, -1)
(146804, 398, 65, 66, u'2016-03-19T15:00:00Z', u'TIMED', 31, -1, -1)
(146805, 398, 67, 71, u'2016-03-19T15:00:00Z', u'TIMED', 31, -1, -1)
(146806, 398, 340, 64, u'2016-03-19T15:00:00Z', u'TIMED', 31, -1, -1)
(146807, 398, 72, 58, u'2016-03-19T15:00:00Z', u'TIMED', 31, -1, -1)
(146808, 398, 346, 70, u'2016-03-19T15:00:00Z', u'TIMED', 31, -1, -1)
(146809, 398, 74, 68, u'2016-03-19T15:00:00Z', u'TIMED', 31, -1, -1)
(146810, 398, 57, 74, u'2016-03-12T15:00:00Z', u'TIMED', 30, -1, -1)
(146811, 398, 58, 73, u'2016-03-12T15:00:00Z', u'TIMED', 30, -1, -1)
(146812, 398, 338, 67, u'2016-03-12T15:00:00Z', u'TIMED', 30, -1, -1)
(146813, 398, 64, 61, u'2016-03-12T15:00:00Z', u'TIMED', 30, -1, -1)
(146814, 398, 66, 354, u'2016-03-12T15:00:00Z', u'TIMED', 30, -1, -1)
(146815, 398, 68, 65, u'2016-03-12T15:00:00Z', u'TIMED', 30, -1, -1)
(146816, 398, 70, 340, u'2016-03-12T15:00:00Z', u'TIMED', 30, -1, -1)
(146817, 398, 71, 62, u'2016-03-12T15:00:00Z', u'TIMED', 30, -1, -1)
(146818, 398, 563, 346, u'2016-03-12T15:00:00Z', u'TIMED', 30, -1, -1)
(146819, 398, 61, 70, u'2016-03-05T15:00:00Z', u'TIMED', 29, -1, -1)
(146820, 398, 354, 64, u'2016-03-05T15:00:00Z', u'TIMED', 29, -1, -1)
(146821, 398, 62, 563, u'2016-03-05T15:00:00Z', u'TIMED', 29, -1, -1)
(146822, 398, 65, 58, u'2016-03-05T15:00:00Z', u'TIMED', 29, -1, -1)
(146823, 398, 340, 71, u'2016-03-05T15:00:00Z', u'TIMED', 29, -1, -1)
(146824, 398, 72, 68, u'2016-03-05T15:00:00Z', u'TIMED', 29, -1, -1)
(146825, 398, 73, 57, u'2016-03-05T15:00:00Z', u'TIMED', 29, -1, -1)
(146826, 398, 346, 338, u'2016-03-05T15:00:00Z', u'TIMED', 29, -1, -1)
(146827, 398, 74, 66, u'2016-03-05T15:00:00Z', u'TIMED', 29, -1, -1)
(146828, 398, 70, 67, u'2016-03-02T19:45:00Z', u'TIMED', 28, -1, -1)
(146829, 398, 64, 65, u'2016-03-01T20:00:00Z', u'TIMED', 28, -1, -1)
(146830, 398, 66, 346, u'2016-03-01T20:00:00Z', u'TIMED', 28, -1, -1)
(146831, 398, 57, 72, u'2016-03-01T19:45:00Z', u'TIMED', 28, -1, -1)
(146832, 398, 58, 62, u'2016-03-01T19:45:00Z', u'TIMED', 28, -1, -1)
(146833, 398, 338, 74, u'2016-03-01T19:45:00Z', u'TIMED', 28, -1, -1)
(146834, 398, 68, 61, u'2016-03-01T19:45:00Z', u'TIMED', 28, -1, -1)
(146835, 398, 71, 354, u'2016-03-01T19:45:00Z', u'TIMED', 28, -1, -1)
(146836, 398, 563, 73, u'2016-03-01T19:45:00Z', u'TIMED', 28, -1, -1)
(146837, 398, 338, 68, u'2016-02-27T15:00:00Z', u'TIMED', 27, -1, -1)
(146838, 398, 64, 62, u'2016-02-27T15:00:00Z', u'TIMED', 27, -1, -1)
(146839, 398, 66, 57, u'2016-02-27T15:00:00Z', u'TIMED', 27, -1, -1)
(146840, 398, 67, 65, u'2016-02-27T15:00:00Z', u'TIMED', 27, -1, -1)
(146841, 398, 340, 61, u'2016-02-27T15:00:00Z', u'TIMED', 27, -1, -1)
(146842, 398, 70, 58, u'2016-02-27T15:00:00Z', u'TIMED', 27, -1, -1)
(146843, 398, 73, 72, u'2016-02-27T15:00:00Z', u'TIMED', 27, -1, -1)
(146844, 398, 74, 354, u'2016-02-27T15:00:00Z', u'TIMED', 27, -1, -1)
(146845, 398, 563, 71, u'2016-02-27T15:00:00Z', u'TIMED', 27, -1, -1)
(146846, 398, 57, 338, u'2016-02-13T15:00:00Z', u'TIMED', 26, -1, -1)
(146847, 398, 58, 64, u'2016-02-13T15:00:00Z', u'TIMED', 26, -1, -1)
(146848, 398, 61, 67, u'2016-02-13T15:00:00Z', u'TIMED', 26, -1, -1)
(146849, 398, 354, 346, u'2016-02-13T15:00:00Z', u'TIMED', 26, -1, -1)
(146850, 398, 62, 74, u'2016-02-13T15:00:00Z', u'TIMED', 26, -1, -1)
(146851, 398, 65, 73, u'2016-02-13T15:00:00Z', u'TIMED', 26, -1, -1)
(146852, 398, 68, 563, u'2016-02-13T15:00:00Z', u'TIMED', 26, -1, -1)
(146853, 398, 71, 66, u'2016-02-13T15:00:00Z', u'TIMED', 26, -1, -1)
(146854, 398, 72, 340, u'2016-02-13T15:00:00Z', u'TIMED', 26, -1, -1)
(146855, 398, 58, 68, u'2016-02-06T15:00:00Z', u'TIMED', 25, -1, -1)
(146856, 398, 61, 66, u'2016-02-06T15:00:00Z', u'TIMED', 25, -1, -1)
(146857, 398, 64, 71, u'2016-02-06T15:00:00Z', u'TIMED', 25, -1, -1)
(146858, 398, 65, 338, u'2016-02-06T15:00:00Z', u'TIMED', 25, -1, -1)
(146859, 398, 67, 74, u'2016-02-06T15:00:00Z', u'TIMED', 25, -1, -1)
(146860, 398, 340, 563, u'2016-02-06T15:00:00Z', u'TIMED', 25, -1, -1)
(146861, 398, 70, 62, u'2016-02-06T15:00:00Z', u'TIMED', 25, -1, -1)
(146862, 398, 72, 354, u'2016-02-06T15:00:00Z', u'TIMED', 25, -1, -1)
(146863, 398, 73, 346, u'2016-02-06T15:00:00Z', u'TIMED', 25, -1, -1)
(146864, 398, 62, 67, u'2016-02-03T19:45:00Z', u'TIMED', 24, -1, -1)
(146865, 398, 66, 70, u'2016-02-02T20:00:00Z', u'TIMED', 24, -1, -1)
(146866, 398, 74, 72, u'2016-02-02T20:00:00Z', u'TIMED', 24, -1, -1)
(146867, 398, 57, 340, u'2016-02-02T19:45:00Z', u'TIMED', 24, -1, -1)
(146868, 398, 338, 64, u'2016-02-02T19:45:00Z', u'TIMED', 24, -1, -1)
(146869, 398, 68, 73, u'2016-02-02T19:45:00Z', u'TIMED', 24, -1, -1)
(146870, 398, 71, 65, u'2016-02-02T19:45:00Z', u'TIMED', 24, -1, -1)
(146871, 398, 346, 61, u'2016-02-02T19:45:00Z', u'TIMED', 24, -1, -1)
(146872, 398, 563, 58, u'2016-02-02T19:45:00Z', u'TIMED', 24, -1, -1)
(146873, 398, 57, 61, u'2016-01-23T15:00:00Z', u'TIMED', 23, -1, -1)
(146874, 398, 354, 73, u'2016-01-23T15:00:00Z', u'TIMED', 23, -1, -1)
(146875, 398, 62, 72, u'2016-01-23T15:00:00Z', u'TIMED', 23, -1, -1)
(146876, 398, 338, 70, u'2016-01-23T15:00:00Z', u'TIMED', 23, -1, -1)
(146877, 398, 66, 340, u'2016-01-23T15:00:00Z', u'TIMED', 23, -1, -1)
(146878, 398, 68, 64, u'2016-01-23T15:00:00Z', u'TIMED', 23, -1, -1)
(146879, 398, 346, 67, u'2016-01-23T15:00:00Z', u'TIMED', 23, -1, -1)
(146880, 398, 74, 58, u'2016-01-23T15:00:00Z', u'TIMED', 23, -1, -1)
(146881, 398, 563, 65, u'2016-01-23T15:00:00Z', u'TIMED', 23, -1, -1)
(146882, 398, 58, 338, u'2016-01-16T15:00:00Z', u'TIMED', 22, -1, -1)
(146883, 398, 61, 62, u'2016-01-16T15:00:00Z', u'TIMED', 22, -1, -1)
(146884, 398, 64, 66, u'2016-01-16T15:00:00Z', u'TIMED', 22, -1, -1)
(146885, 398, 65, 354, u'2016-01-16T15:00:00Z', u'TIMED', 22, -1, -1)
(146886, 398, 67, 563, u'2016-01-16T15:00:00Z', u'TIMED', 22, -1, -1)
(146887, 398, 340, 74, u'2016-01-16T15:00:00Z', u'TIMED', 22, -1, -1)
(146888, 398, 70, 57, u'2016-01-16T15:00:00Z', u'TIMED', 22, -1, -1)
(146889, 398, 72, 346, u'2016-01-16T15:00:00Z', u'TIMED', 22, -1, -1)
(146890, 398, 73, 71, u'2016-01-16T15:00:00Z', u'TIMED', 22, -1, -1)
(146891, 398, 73, 338, u'2016-01-13T20:00:00Z', u'TIMED', 21, -1, -1)
(146892, 398, 61, 74, u'2016-01-13T19:45:00Z', u'TIMED', 21, -1, -1)
(146893, 398, 65, 62, u'2016-01-13T19:45:00Z', u'TIMED', 21, -1, -1)
(146894, 398, 67, 66, u'2016-01-13T19:45:00Z', u'TIMED', 21, -1, -1)
(146895, 398, 340, 346, u'2016-01-13T19:45:00Z', u'TIMED', 21, -1, -1)
(146896, 398, 70, 68, u'2016-01-13T19:45:00Z', u'TIMED', 21, -1, -1)
(146897, 398, 64, 57, u'2016-01-12T20:00:00Z', u'TIMED', 21, -1, -1)
(146898, 398, 58, 354, u'2016-01-12T19:45:00Z', u'TIMED', 21, -1, -1)
(146899, 398, 72, 71, u'2016-01-12T19:45:00Z', u'TIMED', 21, -1, -1)
(146900, 398, 57, 67, u'2016-01-02T15:00:00Z', u'TIMED', 20, -1, -1)
(146901, 398, 354, 61, u'2016-01-02T15:00:00Z', u'TIMED', 20, -1, -1)
(146902, 398, 62, 73, u'2016-01-02T15:00:00Z', u'TIMED', 20, -1, -1)
(146903, 398, 66, 72, u'2016-01-02T15:00:00Z', u'TIMED', 20, -1, -1)
(146904, 398, 68, 340, u'2016-01-02T15:00:00Z', u'TIMED', 20, -1, -1)
(146905, 398, 71, 58, u'2016-01-02T15:00:00Z', u'TIMED', 20, -1, -1)
(146906, 398, 346, 65, u'2016-01-02T15:00:00Z', u'TIMED', 20, -1, -1)
(146907, 398, 74, 70, u'2016-01-02T15:00:00Z', u'TIMED', 20, -1, -1)
(146908, 398, 563, 64, u'2016-01-02T15:00:00Z', u'TIMED', 20, -1, -1)
(146909, 398, 354, 72, u'2015-12-28T15:00:00Z', u'TIMED', 19, -1, -1)
(146910, 398, 62, 70, u'2015-12-28T15:00:00Z', u'TIMED', 19, -1, -1)
(146911, 398, 338, 65, u'2015-12-28T15:00:00Z', u'TIMED', 19, -1, -1)
(146912, 398, 66, 61, u'2015-12-28T15:00:00Z', u'TIMED', 19, -1, -1)
(146913, 398, 68, 58, u'2015-12-28T15:00:00Z', u'TIMED', 19, -1, -1)
(146914, 398, 71, 64, u'2015-12-28T15:00:00Z', u'TIMED', 19, -1, -1)
(146915, 398, 346, 73, u'2015-12-28T15:00:00Z', u'TIMED', 19, -1, -1)
(146916, 398, 74, 67, u'2015-12-28T15:00:00Z', u'TIMED', 19, -1, -1)
(146917, 398, 563, 340, u'2015-12-28T15:00:00Z', u'TIMED', 19, -1, -1)
(146918, 398, 58, 563, u'2015-12-26T15:00:00Z', u'TIMED', 18, -1, -1)
(146919, 398, 61, 346, u'2015-12-26T15:00:00Z', u'TIMED', 18, -1, -1)
(146920, 398, 64, 338, u'2015-12-26T15:00:00Z', u'TIMED', 18, -1, -1)
(146921, 398, 65, 71, u'2015-12-26T15:00:00Z', u'TIMED', 18, -1, -1)
(146922, 398, 67, 62, u'2015-12-26T15:00:00Z', u'TIMED', 18, -1, -1)
(146923, 398, 340, 57, u'2015-12-26T15:00:00Z', u'TIMED', 18, -1, -1)
(146924, 398, 70, 66, u'2015-12-26T15:00:00Z', u'TIMED', 18, -1, -1)
(146925, 398, 72, 74, u'2015-12-26T15:00:00Z', u'TIMED', 18, -1, -1)
(146926, 398, 73, 68, u'2015-12-26T15:00:00Z', u'TIMED', 18, -1, -1)
(146927, 398, 57, 65, u'2015-12-19T15:00:00Z', u'TIMED', 17, -1, -1)
(146928, 398, 61, 71, u'2015-12-19T15:00:00Z', u'TIMED', 17, -1, -1)
(146929, 398, 62, 338, u'2015-12-19T15:00:00Z', u'TIMED', 17, -1, -1)
(146930, 398, 66, 68, u'2015-12-19T15:00:00Z', u'TIMED', 17, -1, -1)
(146931, 398, 67, 58, u'2015-12-19T15:00:00Z', u'TIMED', 17, -1, -1)
(146932, 398, 340, 73, u'2015-12-19T15:00:00Z', u'TIMED', 17, -1, -1)
(146933, 398, 70, 354, u'2015-12-19T15:00:00Z', u'TIMED', 17, -1, -1)
(146934, 398, 72, 563, u'2015-12-19T15:00:00Z', u'TIMED', 17, -1, -1)
(146935, 398, 346, 64, u'2015-12-19T15:00:00Z', u'TIMED', 17, -1, -1)
(146936, 398, 58, 57, u'2015-12-12T15:00:00Z', u'TIMED', 16, -1, -1)
(146937, 398, 354, 340, u'2015-12-12T15:00:00Z', u'TIMED', 16, -1, -1)
(146938, 398, 338, 61, u'2015-12-12T15:00:00Z', u'TIMED', 16, -1, -1)
(146939, 398, 64, 74, u'2015-12-12T15:00:00Z', u'TIMED', 16, -1, -1)
(146940, 398, 65, 72, u'2015-12-12T15:00:00Z', u'TIMED', 16, -1, -1)
(146941, 398, 68, 62, u'2015-12-12T15:00:00Z', u'TIMED', 16, -1, -1)
(146942, 398, 71, 346, u'2015-12-12T15:00:00Z', u'TIMED', 16, -1, -1)
(146943, 398, 73, 67, u'2015-12-12T15:00:00Z', u'TIMED', 16, -1, -1)
(146944, 398, 563, 70, u'2015-12-12T15:00:00Z', u'TIMED', 16, -1, -1)
(146945, 398, 57, 71, u'2015-12-05T15:00:00Z', u'TIMED', 15, -1, -1)
(146946, 398, 62, 354, u'2015-12-05T15:00:00Z', u'TIMED', 15, -1, -1)
(146947, 398, 66, 563, u'2015-12-05T15:00:00Z', u'TIMED', 15, -1, -1)
(146948, 398, 67, 64, u'2015-12-05T15:00:00Z', u'TIMED', 15, -1, -1)
(146949, 398, 340, 58, u'2015-12-05T15:00:00Z', u'TIMED', 15, -1, -1)
(146950, 398, 70, 65, u'2015-12-05T15:00:00Z', u'TIMED', 15, -1, -1)
(146951, 398, 72, 338, u'2015-12-05T15:00:00Z', u'TIMED', 15, -1, -1)
(146952, 398, 346, 68, u'2015-12-05T15:00:00Z', u'TIMED', 15, -1, -1)
(146953, 398, 74, 73, u'2015-12-05T15:00:00Z', u'TIMED', 15, -1, -1)
(146954, 398, 58, 346, u'2015-11-28T15:00:00Z', u'TIMED', 14, -1, -1)
(146955, 398, 354, 67, u'2015-11-28T15:00:00Z', u'TIMED', 14, -1, -1)
(146956, 398, 338, 66, u'2015-11-28T17:30:00Z', u'TIMED', 14, -1, -1)
(146957, 398, 64, 72, u'2015-11-29T16:15:00Z', u'TIMED', 14, -1, -1)
(146958, 398, 65, 340, u'2015-11-28T15:00:00Z', u'TIMED', 14, -1, -1)
(146959, 398, 68, 57, u'2015-11-29T16:15:00Z', u'TIMED', 14, -1, -1)
(146960, 398, 71, 70, u'2015-11-28T15:00:00Z', u'TIMED', 14, -1, -1)
(146961, 398, 73, 61, u'2015-11-29T12:00:00Z', u'TIMED', 14, -1, -1)
(146962, 398, 563, 74, u'2015-11-29T14:05:00Z', u'TIMED', 14, -1, -1)
(146963, 398, 61, 68, u'2015-11-21T15:00:00Z', u'TIMED', 13, -1, -1)
(146964, 398, 354, 71, u'2015-11-23T20:00:00Z', u'TIMED', 13, -1, -1)
(146965, 398, 62, 58, u'2015-11-21T15:00:00Z', u'TIMED', 13, -1, -1)
(146966, 398, 65, 64, u'2015-11-21T17:30:00Z', u'TIMED', 13, -1, -1)
(146967, 398, 67, 338, u'2015-11-21T15:00:00Z', u'TIMED', 13, -1, -1)
(146968, 398, 340, 70, u'2015-11-21T15:00:00Z', u'TIMED', 13, -1, -1)
(146969, 398, 73, 563, u'2015-11-22T16:00:00Z', u'TIMED', 13, -1, -1)
(146970, 398, 346, 66, u'2015-11-21T12:45:00Z', u'TIMED', 13, -1, -1)
(146971, 398, 74, 57, u'2015-11-21T15:00:00Z', u'TIMED', 13, -1, -1)
(146972, 398, 57, 73, u'2015-11-08T16:00:00Z', u'TIMED', 12, -1, -1)
(146973, 398, 58, 65, u'2015-11-08T13:30:00Z', u'TIMED', 12, -1, -1)
(146974, 398, 338, 346, u'2015-11-07T15:00:00Z', u'TIMED', 12, -1, -1)
(146975, 398, 64, 354, u'2015-11-08T16:00:00Z', u'TIMED', 12, -1, -1)
(146976, 398, 66, 74, u'2015-11-07T15:00:00Z', u'TIMED', 12, -1, -1)
(146977, 398, 68, 72, u'2015-11-07T15:00:00Z', u'TIMED', 12, -1, -1)
(146978, 398, 70, 61, u'2015-11-07T17:30:00Z', u'TIMED', 12, -1, -1)
(146979, 398, 71, 340, u'2015-11-07T15:00:00Z', u'TIMED', 12, -1, -1)
(146980, 398, 563, 62, u'2015-11-07T15:00:00Z', u'TIMED', 12, -1, -1)
(146981, 398, 61, 64, u'2015-10-31T12:45:00Z', u'TIMED', 11, -1, -1)
(146982, 398, 354, 66, u'2015-10-31T15:00:00Z', u'TIMED', 11, -1, -1)
(146983, 398, 62, 71, u'2015-11-01T13:30:00Z', u'TIMED', 11, -1, -1)
(146984, 398, 65, 68, u'2015-10-31T15:00:00Z', u'TIMED', 11, -1, -1)
(146985, 398, 67, 70, u'2015-10-31T15:00:00Z', u'TIMED', 11, -1, -1)
(146986, 398, 72, 57, u'2015-10-31T15:00:00Z', u'TIMED', 11, -1, -1)
(146987, 398, 73, 58, u'2015-11-02T20:00:00Z', u'TIMED', 11, -1, -1)
(146988, 398, 346, 563, u'2015-10-31T15:00:00Z', u'TIMED', 11, -1, -1)
(146989, 398, 74, 338, u'2015-10-31T15:00:00Z', u'TIMED', 11, -1, -1)
(146990, 398, 57, 62, u'2015-10-24T16:30:00Z', u'TIMED', 10, -1, -1)
(146991, 398, 58, 72, u'2015-10-24T14:00:00Z', u'TIMED', 10, -1, -1)
(146992, 398, 338, 354, u'2015-10-24T14:00:00Z', u'TIMED', 10, -1, -1)
(146993, 398, 64, 340, u'2015-10-25T16:15:00Z', u'TIMED', 10, -1, -1)
(146994, 398, 66, 65, u'2015-10-25T14:05:00Z', u'TIMED', 10, -1, -1)
(146995, 398, 68, 74, u'2015-10-24T14:00:00Z', u'TIMED', 10, -1, -1)
(146996, 398, 70, 346, u'2015-10-24T14:00:00Z', u'TIMED', 10, -1, -1)
(146997, 398, 71, 67, u'2015-10-25T12:00:00Z', u'TIMED', 10, -1, -1)
(146998, 398, 563, 61, u'2015-10-24T14:00:00Z', u'TIMED', 10, -1, -1)
(146999, 398, 61, 58, u'2015-10-17T14:00:00Z', u'TIMED', 9, -1, -1)
(147000, 398, 354, 563, u'2015-10-17T14:00:00Z', u'TIMED', 9, -1, -1)
(147001, 398, 62, 66, u'2015-10-17T14:00:00Z', u'TIMED', 9, -1, -1)
(147002, 398, 67, 68, u'2015-10-18T15:00:00Z', u'TIMED', 9, -1, -1)
(147003, 398, 340, 338, u'2015-10-17T14:00:00Z', u'TIMED', 9, -1, -1)
(147004, 398, 72, 70, u'2015-10-19T19:00:00Z', u'TIMED', 9, -1, -1)
(147005, 398, 73, 64, u'2015-10-17T11:45:00Z', u'TIMED', 9, -1, -1)
(147006, 398, 346, 57, u'2015-10-17T16:30:00Z', u'TIMED', 9, -1, -1)
(147007, 398, 74, 71, u'2015-10-17T14:00:00Z', u'TIMED', 9, -1, -1)
(147008, 398, 57, 66, u'2015-10-04T15:00:00Z', u'FINISHED', 8, 3, 0)
(147009, 398, 58, 70, u'2015-10-03T14:00:00Z', u'FINISHED', 8, 0, 1)
(147010, 398, 61, 340, u'2015-10-03T16:30:00Z', u'FINISHED', 8, 1, 3)
(147011, 398, 354, 74, u'2015-10-03T11:45:00Z', u'FINISHED', 8, 2, 0)
(147012, 398, 62, 64, u'2015-10-04T12:30:00Z', u'FINISHED', 8, 1, 1)
(147013, 398, 65, 67, u'2015-10-03T14:00:00Z', u'FINISHED', 8, 6, 1)
(147014, 398, 68, 338, u'2015-10-03T14:00:00Z', u'FINISHED', 8, 1, 2)
(147015, 398, 71, 563, u'2015-10-03T14:00:00Z', u'FINISHED', 8, 2, 2)
(147016, 398, 72, 73, u'2015-10-04T15:00:00Z', u'FINISHED', 8, 2, 2)
(147017, 398, 338, 57, u'2015-09-26T14:00:00Z', u'FINISHED', 7, 2, 5)
(147018, 398, 64, 58, u'2015-09-26T14:00:00Z', u'FINISHED', 7, 3, 2)
(147019, 398, 66, 71, u'2015-09-26T14:00:00Z', u'FINISHED', 7, 3, 0)
(147020, 398, 67, 61, u'2015-09-26T16:30:00Z', u'FINISHED', 7, 2, 2)
(147021, 398, 340, 72, u'2015-09-26T14:00:00Z', u'FINISHED', 7, 3, 1)
(147022, 398, 73, 65, u'2015-09-26T11:45:00Z', u'FINISHED', 7, 4, 1)
(147023, 398, 346, 354, u'2015-09-27T15:00:00Z', u'FINISHED', 7, 0, 1)
(147024, 398, 74, 62, u'2015-09-28T19:00:00Z', u'FINISHED', 7, 2, 3)
(147025, 398, 563, 68, u'2015-09-26T14:00:00Z', u'FINISHED', 7, 2, 2)
(147026, 398, 58, 74, u'2015-09-19T14:00:00Z', u'FINISHED', 6, 0, 1)
(147027, 398, 61, 57, u'2015-09-19T11:45:00Z', u'FINISHED', 6, 2, 0)
(147028, 398, 64, 68, u'2015-09-20T15:00:00Z', u'FINISHED', 6, 1, 1)
(147029, 398, 65, 563, u'2015-09-19T16:30:00Z', u'FINISHED', 6, 1, 2)
(147030, 398, 67, 346, u'2015-09-19T14:00:00Z', u'FINISHED', 6, 1, 2)
(147031, 398, 340, 66, u'2015-09-20T15:00:00Z', u'FINISHED', 6, 2, 3)
(147032, 398, 70, 338, u'2015-09-19T14:00:00Z', u'FINISHED', 6, 2, 2)
(147033, 398, 72, 62, u'2015-09-19T14:00:00Z', u'FINISHED', 6, 0, 0)
(147034, 398, 73, 354, u'2015-09-20T12:30:00Z', u'FINISHED', 6, 1, 0)
(147035, 398, 57, 70, u'2015-09-12T14:00:00Z', u'FINISHED', 5, 2, 0)
(147036, 398, 354, 65, u'2015-09-12T14:00:00Z', u'FINISHED', 5, 0, 1)
(147037, 398, 62, 61, u'2015-09-12T11:45:00Z', u'FINISHED', 5, 3, 1)
(147038, 398, 338, 58, u'2015-09-13T15:00:00Z', u'FINISHED', 5, 3, 2)
(147039, 398, 66, 64, u'2015-09-12T16:30:00Z', u'FINISHED', 5, 3, 1)
(147040, 398, 71, 73, u'2015-09-13T12:30:00Z', u'FINISHED', 5, 0, 1)
(147041, 398, 346, 72, u'2015-09-12T14:00:00Z', u'FINISHED', 5, 1, 0)
(147042, 398, 74, 340, u'2015-09-12T14:00:00Z', u'FINISHED', 5, 0, 0)
(147043, 398, 563, 67, u'2015-09-14T19:00:00Z', u'FINISHED', 5, 2, 0)
(147044, 398, 58, 71, u'2015-08-29T14:00:00Z', u'FINISHED', 4, 2, 2)
(147045, 398, 61, 354, u'2015-08-29T14:00:00Z', u'FINISHED', 4, 1, 2)
(147046, 398, 64, 563, u'2015-08-29T14:00:00Z', u'FINISHED', 4, 0, 3)
(147047, 398, 65, 346, u'2015-08-29T14:00:00Z', u'FINISHED', 4, 2, 0)
(147048, 398, 67, 57, u'2015-08-29T11:45:00Z', u'FINISHED', 4, 0, 1)
(147049, 398, 340, 68, u'2015-08-30T12:30:00Z', u'FINISHED', 4, 3, 0)
(147050, 398, 70, 74, u'2015-08-29T14:00:00Z', u'FINISHED', 4, 0, 1)
(147051, 398, 72, 66, u'2015-08-30T15:00:00Z', u'FINISHED', 4, 2, 1)
(147052, 398, 73, 62, u'2015-08-29T16:30:00Z', u'FINISHED', 4, 0, 0)
(147053, 398, 57, 64, u'2015-08-24T19:00:00Z', u'FINISHED', 3, 0, 0)
(147054, 398, 354, 58, u'2015-08-22T14:00:00Z', u'FINISHED', 3, 2, 1)
(147055, 398, 62, 65, u'2015-08-23T15:00:00Z', u'FINISHED', 3, 0, 2)
(147056, 398, 338, 73, u'2015-08-22T14:00:00Z', u'FINISHED', 3, 1, 1)
(147057, 398, 66, 67, u'2015-08-22T11:45:00Z', u'FINISHED', 3, 0, 0)
(147058, 398, 68, 70, u'2015-08-22T14:00:00Z', u'FINISHED', 3, 1, 1)
(147059, 398, 71, 72, u'2015-08-22T14:00:00Z', u'FINISHED', 3, 1, 1)
(147060, 398, 346, 340, u'2015-08-23T15:00:00Z', u'FINISHED', 3, 0, 0)
(147061, 398, 74, 61, u'2015-08-23T12:30:00Z', u'FINISHED', 3, 2, 3)
(147062, 398, 58, 66, u'2015-08-14T18:45:00Z', u'FINISHED', 2, 0, 1)
(147063, 398, 354, 57, u'2015-08-16T12:30:00Z', u'FINISHED', 2, 1, 2)
(147064, 398, 65, 61, u'2015-08-16T15:00:00Z', u'FINISHED', 2, 3, 0)
(147065, 398, 340, 62, u'2015-08-15T11:45:00Z', u'FINISHED', 2, 0, 3)
(147066, 398, 71, 68, u'2015-08-15T14:00:00Z', u'FINISHED', 2, 1, 3)
(147067, 398, 72, 67, u'2015-08-15T14:00:00Z', u'FINISHED', 2, 2, 0)
(147068, 398, 73, 70, u'2015-08-15T14:00:00Z', u'FINISHED', 2, 2, 2)
(147069, 398, 346, 74, u'2015-08-15T14:00:00Z', u'FINISHED', 2, 0, 0)
(147070, 398, 563, 338, u'2015-08-15T14:00:00Z', u'FINISHED', 2, 1, 2)
(147071, 398, 57, 563, u'2015-08-09T12:30:00Z', u'FINISHED', 1, 0, 2)
(147072, 398, 61, 72, u'2015-08-08T16:30:00Z', u'FINISHED', 1, 2, 2)
(147073, 398, 62, 346, u'2015-08-08T14:00:00Z', u'FINISHED', 1, 2, 2)
(147074, 398, 338, 71, u'2015-08-08T14:00:00Z', u'FINISHED', 1, 4, 2)
(147075, 398, 66, 73, u'2015-08-08T11:45:00Z', u'FINISHED', 1, 1, 0)
(147076, 398, 67, 340, u'2015-08-09T12:30:00Z', u'FINISHED', 1, 2, 2)
(147077, 398, 68, 354, u'2015-08-08T14:00:00Z', u'FINISHED', 1, 1, 3)
(147078, 398, 70, 64, u'2015-08-09T15:00:00Z', u'FINISHED', 1, 0, 1)
(147079, 398, 74, 65, u'2015-08-10T19:00:00Z', u'FINISHED', 1, 0, 3)
(147080, 398, 66, 1044, u'2016-05-15T14:00:00Z', u'TIMED', 38, -1, -1)
(147081, 398, 1044, 74, u'2016-05-07T14:00:00Z', u'TIMED', 37, -1, -1)
(147082, 398, 62, 1044, u'2016-04-30T14:00:00Z', u'TIMED', 36, -1, -1)
(147083, 398, 1044, 61, u'2016-04-23T14:00:00Z', u'TIMED', 35, -1, -1)
(147084, 398, 1044, 64, u'2016-04-16T14:00:00Z', u'TIMED', 34, -1, -1)
(147085, 398, 58, 1044, u'2016-04-09T14:00:00Z', u'TIMED', 33, -1, -1)
(147086, 398, 1044, 65, u'2016-04-02T14:00:00Z', u'TIMED', 32, -1, -1)
(147087, 398, 73, 1044, u'2016-03-19T15:00:00Z', u'TIMED', 31, -1, -1)
(147088, 398, 1044, 72, u'2016-03-12T15:00:00Z', u'TIMED', 30, -1, -1)
(147089, 398, 67, 1044, u'2016-03-05T15:00:00Z', u'TIMED', 29, -1, -1)
(147090, 398, 1044, 340, u'2016-03-01T19:45:00Z', u'TIMED', 28, -1, -1)
(147091, 398, 346, 1044, u'2016-02-27T15:00:00Z', u'TIMED', 27, -1, -1)
(147092, 398, 1044, 70, u'2016-02-13T15:00:00Z', u'TIMED', 26, -1, -1)
(147093, 398, 1044, 57, u'2016-02-06T15:00:00Z', u'TIMED', 25, -1, -1)
(147094, 398, 354, 1044, u'2016-02-02T20:00:00Z', u'TIMED', 24, -1, -1)
(147095, 398, 71, 1044, u'2016-01-23T15:00:00Z', u'TIMED', 23, -1, -1)
(147096, 398, 1044, 68, u'2016-01-16T15:00:00Z', u'TIMED', 22, -1, -1)
(147097, 398, 1044, 563, u'2016-01-12T19:45:00Z', u'TIMED', 21, -1, -1)
(147098, 398, 338, 1044, u'2016-01-02T15:00:00Z', u'TIMED', 20, -1, -1)
(147099, 398, 57, 1044, u'2015-12-28T15:00:00Z', u'TIMED', 19, -1, -1)
(147100, 398, 1044, 354, u'2015-12-26T15:00:00Z', u'TIMED', 18, -1, -1)
(147101, 398, 74, 1044, u'2015-12-19T15:00:00Z', u'TIMED', 17, -1, -1)
(147102, 398, 1044, 66, u'2015-12-12T15:00:00Z', u'TIMED', 16, -1, -1)
(147103, 398, 61, 1044, u'2015-12-05T15:00:00Z', u'TIMED', 15, -1, -1)
(147104, 398, 1044, 62, u'2015-11-28T15:00:00Z', u'TIMED', 14, -1, -1)
(147105, 398, 72, 1044, u'2015-11-21T15:00:00Z', u'TIMED', 13, -1, -1)
(147106, 398, 1044, 67, u'2015-11-07T12:45:00Z', u'TIMED', 12, -1, -1)
(147107, 398, 340, 1044, u'2015-11-01T16:00:00Z', u'TIMED', 11, -1, -1)
(147108, 398, 1044, 73, u'2015-10-25T14:05:00Z', u'TIMED', 10, -1, -1)
(147109, 398, 65, 1044, u'2015-10-17T14:00:00Z', u'TIMED', 9, -1, -1)
(147110, 398, 1044, 346, u'2015-10-03T14:00:00Z', u'FINISHED', 8, 1, 1)
(147111, 398, 70, 1044, u'2015-09-26T14:00:00Z', u'FINISHED', 7, 2, 1)
(147112, 398, 1044, 71, u'2015-09-19T14:00:00Z', u'FINISHED', 6, 2, 0)
(147113, 398, 68, 1044, u'2015-09-12T14:00:00Z', u'FINISHED', 5, 3, 1)
(147114, 398, 1044, 338, u'2015-08-29T14:00:00Z', u'FINISHED', 4, 1, 1)
(147115, 398, 563, 1044, u'2015-08-22T14:00:00Z', u'FINISHED', 3, 3, 4)
(147116, 398, 64, 1044, u'2015-08-17T19:00:00Z', u'FINISHED', 2, 1, 0)
(147117, 398, 1044, 58, u'2015-08-08T14:00:00Z', u'FINISHED', 1, 0, 1)
(147118, 399, 77, 559, u'2016-05-15T15:00:00Z', u'TIMED', 38, -1, -1)
(147119, 399, 78, 558, u'2016-05-15T15:00:00Z', u'TIMED', 38, -1, -1)
(147120, 399, 560, 86, u'2016-05-15T15:00:00Z', u'TIMED', 38, -1, -1)
(147121, 399, 80, 278, u'2016-05-15T15:00:00Z', u'TIMED', 38, -1, -1)
(147122, 399, 83, 81, u'2016-05-15T15:00:00Z', u'TIMED', 38, -1, -1)
(147124, 399, 87, 88, u'2016-05-15T15:00:00Z', u'TIMED', 38, -1, -1)
(147127, 399, 95, 92, u'2016-05-15T15:00:00Z', u'TIMED', 38, -1, -1)
(147128, 399, 81, 80, u'2016-05-08T15:00:00Z', u'TIMED', 37, -1, -1)
(147129, 399, 558, 84, u'2016-05-08T15:00:00Z', u'TIMED', 37, -1, -1)
(147133, 399, 88, 78, u'2016-05-08T15:00:00Z', u'TIMED', 37, -1, -1)
(147134, 399, 86, 95, u'2016-05-08T15:00:00Z', u'TIMED', 37, -1, -1)
(147135, 399, 92, 87, u'2016-05-08T15:00:00Z', u'TIMED', 37, -1, -1)
(147136, 399, 559, 83, u'2016-05-08T15:00:00Z', u'TIMED', 37, -1, -1)
(147137, 399, 94, 560, u'2016-05-08T15:00:00Z', u'TIMED', 37, -1, -1)
(147138, 399, 77, 558, u'2016-05-01T15:00:00Z', u'TIMED', 36, -1, -1)
(147139, 399, 78, 87, u'2016-05-01T15:00:00Z', u'TIMED', 36, -1, -1)
(147140, 399, 560, 82, u'2016-05-01T15:00:00Z', u'TIMED', 36, -1, -1)
(147141, 399, 80, 559, u'2016-05-01T15:00:00Z', u'TIMED', 36, -1, -1)
(147143, 399, 84, 88, u'2016-05-01T15:00:00Z', u'TIMED', 36, -1, -1)
(147145, 399, 92, 86, u'2016-05-01T15:00:00Z', u'TIMED', 36, -1, -1)
(147147, 399, 95, 94, u'2016-05-01T15:00:00Z', u'TIMED', 36, -1, -1)
(147148, 399, 78, 84, u'2016-04-24T15:00:00Z', u'TIMED', 35, -1, -1)
(147150, 399, 558, 83, u'2016-04-24T15:00:00Z', u'TIMED', 35, -1, -1)
(147151, 399, 278, 560, u'2016-04-24T15:00:00Z', u'TIMED', 35, -1, -1)
(147152, 399, 82, 95, u'2016-04-24T15:00:00Z', u'TIMED', 35, -1, -1)
(147154, 399, 88, 77, u'2016-04-24T15:00:00Z', u'TIMED', 35, -1, -1)
(147155, 399, 87, 86, u'2016-04-24T15:00:00Z', u'TIMED', 35, -1, -1)
(147157, 399, 94, 92, u'2016-04-24T15:00:00Z', u'TIMED', 35, -1, -1)
(147158, 399, 77, 78, u'2016-04-20T15:00:00Z', u'TIMED', 34, -1, -1)
(147159, 399, 560, 81, u'2016-04-20T15:00:00Z', u'TIMED', 34, -1, -1)
(147160, 399, 80, 558, u'2016-04-20T15:00:00Z', u'TIMED', 34, -1, -1)
(147161, 399, 83, 88, u'2016-04-20T15:00:00Z', u'TIMED', 34, -1, -1)
(147162, 399, 84, 87, u'2016-04-20T15:00:00Z', u'TIMED', 34, -1, -1)
(147164, 399, 86, 94, u'2016-04-20T15:00:00Z', u'TIMED', 34, -1, -1)
(147165, 399, 92, 82, u'2016-04-20T15:00:00Z', u'TIMED', 34, -1, -1)
(147167, 399, 95, 278, u'2016-04-20T15:00:00Z', u'TIMED', 34, -1, -1)
(147168, 399, 78, 83, u'2016-04-17T15:00:00Z', u'TIMED', 33, -1, -1)
(147169, 399, 81, 95, u'2016-04-17T15:00:00Z', u'TIMED', 33, -1, -1)
(147171, 399, 278, 92, u'2016-04-17T15:00:00Z', u'TIMED', 33, -1, -1)
(147172, 399, 82, 86, u'2016-04-17T15:00:00Z', u'TIMED', 33, -1, -1)
(147174, 399, 88, 80, u'2016-04-17T15:00:00Z', u'TIMED', 33, -1, -1)
(147175, 399, 84, 77, u'2016-04-17T15:00:00Z', u'TIMED', 33, -1, -1)
(147176, 399, 87, 94, u'2016-04-17T15:00:00Z', u'TIMED', 33, -1, -1)
(147177, 399, 559, 560, u'2016-04-17T15:00:00Z', u'TIMED', 33, -1, -1)
(147178, 399, 77, 87, u'2016-04-10T15:00:00Z', u'TIMED', 32, -1, -1)
(147180, 399, 80, 78, u'2016-04-10T15:00:00Z', u'TIMED', 32, -1, -1)
(147181, 399, 83, 84, u'2016-04-10T15:00:00Z', u'TIMED', 32, -1, -1)
(147183, 399, 86, 278, u'2016-04-10T15:00:00Z', u'TIMED', 32, -1, -1)
(147184, 399, 92, 81, u'2016-04-10T15:00:00Z', u'TIMED', 32, -1, -1)
(147186, 399, 95, 559, u'2016-04-10T15:00:00Z', u'TIMED', 32, -1, -1)
(147187, 399, 94, 82, u'2016-04-10T15:00:00Z', u'TIMED', 32, -1, -1)
(147188, 399, 77, 83, u'2016-04-03T15:00:00Z', u'TIMED', 31, -1, -1)
(147190, 399, 81, 86, u'2016-04-03T15:00:00Z', u'TIMED', 31, -1, -1)
(147191, 399, 558, 560, u'2016-04-03T15:00:00Z', u'TIMED', 31, -1, -1)
(147192, 399, 278, 94, u'2016-04-03T15:00:00Z', u'TIMED', 31, -1, -1)
(147195, 399, 84, 80, u'2016-04-03T15:00:00Z', u'TIMED', 31, -1, -1)
(147196, 399, 87, 82, u'2016-04-03T15:00:00Z', u'TIMED', 31, -1, -1)
(147197, 399, 559, 92, u'2016-04-03T15:00:00Z', u'TIMED', 31, -1, -1)
(147198, 399, 560, 88, u'2016-03-20T16:00:00Z', u'TIMED', 30, -1, -1)
(147199, 399, 80, 77, u'2016-03-20T16:00:00Z', u'TIMED', 30, -1, -1)
(147200, 399, 82, 278, u'2016-03-20T16:00:00Z', u'TIMED', 30, -1, -1)
(147201, 399, 83, 87, u'2016-03-20T16:00:00Z', u'TIMED', 30, -1, -1)
(147203, 399, 86, 559, u'2016-03-20T16:00:00Z', u'TIMED', 30, -1, -1)
(147206, 399, 95, 558, u'2016-03-20T16:00:00Z', u'TIMED', 30, -1, -1)
(147207, 399, 94, 81, u'2016-03-20T16:00:00Z', u'TIMED', 30, -1, -1)
(147209, 399, 78, 560, u'2016-03-13T16:00:00Z', u'TIMED', 29, -1, -1)
(147210, 399, 81, 82, u'2016-03-13T16:00:00Z', u'TIMED', 29, -1, -1)
(147211, 399, 558, 92, u'2016-03-13T16:00:00Z', u'TIMED', 29, -1, -1)
(147212, 399, 83, 80, u'2016-03-13T16:00:00Z', u'TIMED', 29, -1, -1)
(147214, 399, 88, 95, u'2016-03-13T16:00:00Z', u'TIMED', 29, -1, -1)
(147216, 399, 87, 278, u'2016-03-13T16:00:00Z', u'TIMED', 29, -1, -1)
(147217, 399, 559, 94, u'2016-03-13T16:00:00Z', u'TIMED', 29, -1, -1)
(147218, 399, 560, 84, u'2016-03-06T16:00:00Z', u'TIMED', 28, -1, -1)
(147219, 399, 278, 81, u'2016-03-06T16:00:00Z', u'TIMED', 28, -1, -1)
(147220, 399, 80, 87, u'2016-03-06T16:00:00Z', u'TIMED', 28, -1, -1)
(147221, 399, 82, 559, u'2016-03-06T16:00:00Z', u'TIMED', 28, -1, -1)
(147223, 399, 86, 558, u'2016-03-06T16:00:00Z', u'TIMED', 28, -1, -1)
(147224, 399, 92, 88, u'2016-03-06T16:00:00Z', u'TIMED', 28, -1, -1)
(147226, 399, 95, 78, u'2016-03-06T16:00:00Z', u'TIMED', 28, -1, -1)
(147228, 399, 77, 560, u'2016-03-02T16:00:00Z', u'TIMED', 27, -1, -1)
(147229, 399, 78, 92, u'2016-03-02T16:00:00Z', u'TIMED', 27, -1, -1)
(147230, 399, 558, 94, u'2016-03-02T16:00:00Z', u'TIMED', 27, -1, -1)
(147234, 399, 88, 86, u'2016-03-02T16:00:00Z', u'TIMED', 27, -1, -1)
(147235, 399, 84, 95, u'2016-03-02T16:00:00Z', u'TIMED', 27, -1, -1)
(147236, 399, 87, 81, u'2016-03-02T16:00:00Z', u'TIMED', 27, -1, -1)
(147237, 399, 559, 278, u'2016-03-02T16:00:00Z', u'TIMED', 27, -1, -1)
(147238, 399, 81, 559, u'2016-02-28T16:00:00Z', u'TIMED', 26, -1, -1)
(147239, 399, 560, 83, u'2016-02-28T16:00:00Z', u'TIMED', 26, -1, -1)
(147241, 399, 82, 558, u'2016-02-28T16:00:00Z', u'TIMED', 26, -1, -1)
(147243, 399, 86, 78, u'2016-02-28T16:00:00Z', u'TIMED', 26, -1, -1)
(147244, 399, 92, 84, u'2016-02-28T16:00:00Z', u'TIMED', 26, -1, -1)
(147246, 399, 95, 77, u'2016-02-28T16:00:00Z', u'TIMED', 26, -1, -1)
(147247, 399, 94, 88, u'2016-02-28T16:00:00Z', u'TIMED', 26, -1, -1)
(147248, 399, 77, 92, u'2016-02-21T16:00:00Z', u'TIMED', 25, -1, -1)
(147249, 399, 78, 94, u'2016-02-21T16:00:00Z', u'TIMED', 25, -1, -1)
(147250, 399, 558, 278, u'2016-02-21T16:00:00Z', u'TIMED', 25, -1, -1)
(147251, 399, 80, 560, u'2016-02-21T16:00:00Z', u'TIMED', 25, -1, -1)
(147252, 399, 83, 95, u'2016-02-21T16:00:00Z', u'TIMED', 25, -1, -1)
(147254, 399, 88, 82, u'2016-02-21T16:00:00Z', u'TIMED', 25, -1, -1)
(147255, 399, 84, 86, u'2016-02-21T16:00:00Z', u'TIMED', 25, -1, -1)
(147256, 399, 87, 559, u'2016-02-21T16:00:00Z', u'TIMED', 25, -1, -1)
(147258, 399, 81, 558, u'2016-02-14T16:00:00Z', u'TIMED', 24, -1, -1)
(147260, 399, 278, 88, u'2016-02-14T16:00:00Z', u'TIMED', 24, -1, -1)
(147261, 399, 82, 78, u'2016-02-14T16:00:00Z', u'TIMED', 24, -1, -1)
(147262, 399, 86, 77, u'2016-02-14T16:00:00Z', u'TIMED', 24, -1, -1)
(147263, 399, 92, 83, u'2016-02-14T16:00:00Z', u'TIMED', 24, -1, -1)
(147266, 399, 95, 80, u'2016-02-14T16:00:00Z', u'TIMED', 24, -1, -1)
(147267, 399, 94, 84, u'2016-02-14T16:00:00Z', u'TIMED', 24, -1, -1)
(147268, 399, 77, 94, u'2016-02-07T16:00:00Z', u'TIMED', 23, -1, -1)
(147269, 399, 78, 278, u'2016-02-07T16:00:00Z', u'TIMED', 23, -1, -1)
(147270, 399, 558, 559, u'2016-02-07T16:00:00Z', u'TIMED', 23, -1, -1)
(147271, 399, 80, 92, u'2016-02-07T16:00:00Z', u'TIMED', 23, -1, -1)
(147272, 399, 83, 86, u'2016-02-07T16:00:00Z', u'TIMED', 23, -1, -1)
(147273, 399, 88, 81, u'2016-02-07T16:00:00Z', u'TIMED', 23, -1, -1)
(147274, 399, 84, 82, u'2016-02-07T16:00:00Z', u'TIMED', 23, -1, -1)
(147278, 399, 81, 78, u'2016-01-31T16:00:00Z', u'TIMED', 22, -1, -1)
(147279, 399, 560, 87, u'2016-01-31T16:00:00Z', u'TIMED', 22, -1, -1)
(147280, 399, 278, 84, u'2016-01-31T16:00:00Z', u'TIMED', 22, -1, -1)
(147281, 399, 82, 77, u'2016-01-31T16:00:00Z', u'TIMED', 22, -1, -1)
(147283, 399, 86, 80, u'2016-01-31T16:00:00Z', u'TIMED', 22, -1, -1)
(147285, 399, 559, 88, u'2016-01-31T16:00:00Z', u'TIMED', 22, -1, -1)
(147287, 399, 94, 83, u'2016-01-31T16:00:00Z', u'TIMED', 22, -1, -1)
(147288, 399, 77, 278, u'2016-01-24T16:00:00Z', u'TIMED', 21, -1, -1)
(147289, 399, 78, 559, u'2016-01-24T16:00:00Z', u'TIMED', 21, -1, -1)
(147290, 399, 560, 95, u'2016-01-24T16:00:00Z', u'TIMED', 21, -1, -1)
(147291, 399, 80, 94, u'2016-01-24T16:00:00Z', u'TIMED', 21, -1, -1)
(147292, 399, 83, 82, u'2016-01-24T16:00:00Z', u'TIMED', 21, -1, -1)
(147294, 399, 84, 81, u'2016-01-24T16:00:00Z', u'TIMED', 21, -1, -1)
(147295, 399, 87, 558, u'2016-01-24T16:00:00Z', u'TIMED', 21, -1, -1)
(147298, 399, 81, 77, u'2016-01-17T16:00:00Z', u'TIMED', 20, -1, -1)
(147299, 399, 558, 88, u'2016-01-17T16:00:00Z', u'TIMED', 20, -1, -1)
(147300, 399, 278, 83, u'2016-01-17T16:00:00Z', u'TIMED', 20, -1, -1)
(147301, 399, 82, 80, u'2016-01-17T16:00:00Z', u'TIMED', 20, -1, -1)
(147304, 399, 92, 560, u'2016-01-17T16:00:00Z', u'TIMED', 20, -1, -1)
(147305, 399, 559, 84, u'2016-01-17T16:00:00Z', u'TIMED', 20, -1, -1)
(147306, 399, 95, 87, u'2016-01-17T16:00:00Z', u'TIMED', 20, -1, -1)
(147308, 399, 81, 83, u'2016-01-10T16:00:00Z', u'TIMED', 19, -1, -1)
(147309, 399, 558, 78, u'2016-01-10T16:00:00Z', u'TIMED', 19, -1, -1)
(147310, 399, 278, 80, u'2016-01-10T16:00:00Z', u'TIMED', 19, -1, -1)
(147313, 399, 88, 87, u'2016-01-10T16:00:00Z', u'TIMED', 19, -1, -1)
(147314, 399, 86, 560, u'2016-01-10T16:00:00Z', u'TIMED', 19, -1, -1)
(147315, 399, 92, 95, u'2016-01-10T16:00:00Z', u'TIMED', 19, -1, -1)
(147316, 399, 559, 77, u'2016-01-10T16:00:00Z', u'TIMED', 19, -1, -1)
(147319, 399, 78, 88, u'2016-01-03T16:00:00Z', u'TIMED', 18, -1, -1)
(147320, 399, 560, 94, u'2016-01-03T16:00:00Z', u'TIMED', 18, -1, -1)
(147321, 399, 80, 81, u'2016-01-03T16:00:00Z', u'TIMED', 18, -1, -1)
(147322, 399, 83, 559, u'2016-01-03T16:00:00Z', u'TIMED', 18, -1, -1)
(147323, 399, 84, 558, u'2016-01-03T16:00:00Z', u'TIMED', 18, -1, -1)
(147324, 399, 87, 92, u'2016-01-03T16:00:00Z', u'TIMED', 18, -1, -1)
(147327, 399, 95, 86, u'2016-01-03T16:00:00Z', u'TIMED', 18, -1, -1)
(147329, 399, 558, 77, u'2015-12-30T16:00:00Z', u'TIMED', 17, -1, -1)
(147331, 399, 82, 560, u'2015-12-30T16:00:00Z', u'TIMED', 17, -1, -1)
(147333, 399, 88, 84, u'2015-12-30T16:00:00Z', u'TIMED', 17, -1, -1)
(147334, 399, 87, 78, u'2015-12-30T16:00:00Z', u'TIMED', 17, -1, -1)
(147335, 399, 86, 92, u'2015-12-30T16:00:00Z', u'TIMED', 17, -1, -1)
(147336, 399, 559, 80, u'2015-12-30T16:00:00Z', u'TIMED', 17, -1, -1)
(147337, 399, 94, 95, u'2015-12-30T16:00:00Z', u'TIMED', 17, -1, -1)
(147338, 399, 77, 88, u'2015-12-20T16:00:00Z', u'TIMED', 16, -1, -1)
(147339, 399, 560, 278, u'2015-12-20T16:00:00Z', u'TIMED', 16, -1, -1)
(147341, 399, 83, 558, u'2015-12-20T16:00:00Z', u'TIMED', 16, -1, -1)
(147342, 399, 84, 78, u'2015-12-20T16:00:00Z', u'TIMED', 16, -1, -1)
(147344, 399, 86, 87, u'2015-12-20T16:00:00Z', u'TIMED', 16, -1, -1)
(147345, 399, 92, 94, u'2015-12-20T16:00:00Z', u'TIMED', 16, -1, -1)
(147347, 399, 95, 82, u'2015-12-20T16:00:00Z', u'TIMED', 16, -1, -1)
(147348, 399, 78, 77, u'2015-12-13T16:00:00Z', u'TIMED', 15, -1, -1)
(147349, 399, 81, 560, u'2015-12-13T16:00:00Z', u'TIMED', 15, -1, -1)
(147350, 399, 558, 80, u'2015-12-13T16:00:00Z', u'TIMED', 15, -1, -1)
(147351, 399, 278, 95, u'2015-12-13T16:00:00Z', u'TIMED', 15, -1, -1)
(147352, 399, 82, 92, u'2015-12-13T16:00:00Z', u'TIMED', 15, -1, -1)
(147354, 399, 88, 83, u'2015-12-13T16:00:00Z', u'TIMED', 15, -1, -1)
(147355, 399, 87, 84, u'2015-12-13T16:00:00Z', u'TIMED', 15, -1, -1)
(147357, 399, 94, 86, u'2015-12-13T16:00:00Z', u'TIMED', 15, -1, -1)
(147358, 399, 77, 84, u'2015-12-06T16:00:00Z', u'TIMED', 14, -1, -1)
(147359, 399, 560, 559, u'2015-12-06T16:00:00Z', u'TIMED', 14, -1, -1)
(147360, 399, 80, 88, u'2015-12-06T16:00:00Z', u'TIMED', 14, -1, -1)
(147361, 399, 83, 78, u'2015-12-06T16:00:00Z', u'TIMED', 14, -1, -1)
(147363, 399, 86, 82, u'2015-12-06T16:00:00Z', u'TIMED', 14, -1, -1)
(147364, 399, 92, 278, u'2015-12-06T16:00:00Z', u'TIMED', 14, -1, -1)
(147366, 399, 95, 81, u'2015-12-06T16:00:00Z', u'TIMED', 14, -1, -1)
(147367, 399, 94, 87, u'2015-12-06T16:00:00Z', u'TIMED', 14, -1, -1)
(147368, 399, 78, 80, u'2015-11-29T16:00:00Z', u'TIMED', 13, -1, -1)
(147369, 399, 81, 92, u'2015-11-29T16:00:00Z', u'TIMED', 13, -1, -1)
(147371, 399, 278, 86, u'2015-11-29T16:00:00Z', u'TIMED', 13, -1, -1)
(147372, 399, 82, 94, u'2015-11-29T16:00:00Z', u'TIMED', 13, -1, -1)
(147375, 399, 84, 83, u'2015-11-29T16:00:00Z', u'TIMED', 13, -1, -1)
(147376, 399, 87, 77, u'2015-11-29T16:00:00Z', u'TIMED', 13, -1, -1)
(147377, 399, 559, 95, u'2015-11-29T16:00:00Z', u'TIMED', 13, -1, -1)
(147378, 399, 560, 558, u'2015-11-22T16:00:00Z', u'TIMED', 12, -1, -1)
(147379, 399, 80, 84, u'2015-11-22T16:00:00Z', u'TIMED', 12, -1, -1)
(147380, 399, 82, 87, u'2015-11-22T16:00:00Z', u'TIMED', 12, -1, -1)
(147381, 399, 83, 77, u'2015-11-22T16:00:00Z', u'TIMED', 12, -1, -1)
(147383, 399, 86, 81, u'2015-11-22T16:00:00Z', u'TIMED', 12, -1, -1)
(147384, 399, 92, 559, u'2015-11-22T16:00:00Z', u'TIMED', 12, -1, -1)
(147387, 399, 94, 278, u'2015-11-22T16:00:00Z', u'TIMED', 12, -1, -1)
(147388, 399, 77, 80, u'2015-11-08T16:00:00Z', u'TIMED', 11, -1, -1)
(147390, 399, 81, 94, u'2015-11-08T16:00:00Z', u'TIMED', 11, -1, -1)
(147391, 399, 558, 95, u'2015-11-08T16:00:00Z', u'TIMED', 11, -1, -1)
(147392, 399, 278, 82, u'2015-11-08T16:00:00Z', u'TIMED', 11, -1, -1)
(147394, 399, 88, 560, u'2015-11-08T16:00:00Z', u'TIMED', 11, -1, -1)
(147396, 399, 87, 83, u'2015-11-08T16:00:00Z', u'TIMED', 11, -1, -1)
(147397, 399, 559, 86, u'2015-11-08T16:00:00Z', u'TIMED', 11, -1, -1)
(147398, 399, 560, 78, u'2015-11-01T16:00:00Z', u'TIMED', 10, -1, -1)
(147399, 399, 278, 87, u'2015-11-01T16:00:00Z', u'TIMED', 10, -1, -1)
(147400, 399, 80, 83, u'2015-11-01T16:00:00Z', u'TIMED', 10, -1, -1)
(147401, 399, 82, 81, u'2015-11-01T16:00:00Z', u'TIMED', 10, -1, -1)
(147404, 399, 92, 558, u'2015-11-01T16:00:00Z', u'TIMED', 10, -1, -1)
(147406, 399, 95, 88, u'2015-11-01T16:00:00Z', u'TIMED', 10, -1, -1)
(147407, 399, 94, 559, u'2015-11-01T16:00:00Z', u'TIMED', 10, -1, -1)
(147409, 399, 78, 95, u'2015-10-25T19:30:00Z', u'TIMED', 9, -1, -1)
(147410, 399, 81, 278, u'2015-10-25T17:15:00Z', u'TIMED', 9, -1, -1)
(147411, 399, 558, 86, u'2015-10-24T14:00:00Z', u'TIMED', 9, -1, -1)
(147414, 399, 88, 92, u'2015-10-25T11:00:00Z', u'TIMED', 9, -1, -1)
(147415, 399, 84, 560, u'2015-10-24T20:05:00Z', u'TIMED', 9, -1, -1)
(147416, 399, 87, 80, u'2015-10-23T18:30:00Z', u'TIMED', 9, -1, -1)
(147417, 399, 559, 82, u'2015-10-24T18:30:00Z', u'TIMED', 9, -1, -1)
(147418, 399, 81, 87, u'2015-10-17T18:30:00Z', u'TIMED', 8, -1, -1)
(147419, 399, 560, 77, u'2015-10-18T18:30:00Z', u'TIMED', 8, -1, -1)
(147420, 399, 278, 559, u'2015-10-17T16:15:00Z', u'TIMED', 8, -1, -1)
(147423, 399, 86, 88, u'2015-10-17T14:00:00Z', u'TIMED', 8, -1, -1)
(147424, 399, 92, 78, u'2015-10-18T14:00:00Z', u'TIMED', 8, -1, -1)
(147426, 399, 95, 84, u'2015-10-17T20:00:00Z', u'TIMED', 8, -1, -1)
(147427, 399, 94, 558, u'2015-10-18T10:00:00Z', u'TIMED', 8, -1, -1)
(147428, 399, 77, 95, u'2015-10-04T14:00:00Z', u'FINISHED', 7, 3, 1)
(147429, 399, 78, 86, u'2015-10-04T18:30:00Z', u'FINISHED', 7, 1, 1)
(147430, 399, 558, 82, u'2015-10-02T18:30:00Z', u'FINISHED', 7, 0, 0)
(147432, 399, 83, 560, u'2015-10-03T16:15:00Z', u'FINISHED', 7, 1, 1)
(147434, 399, 88, 94, u'2015-10-04T16:15:00Z', u'FINISHED', 7, 1, 0)
(147435, 399, 84, 92, u'2015-10-03T20:05:00Z', u'FINISHED', 7, 3, 1)
(147437, 399, 559, 81, u'2015-10-03T14:00:00Z', u'FINISHED', 7, 2, 1)
(147439, 399, 560, 80, u'2015-09-27T14:00:00Z', u'FINISHED', 6, 3, 0)
(147440, 399, 278, 558, u'2015-09-26T20:05:00Z', u'FINISHED', 6, 1, 1)
(147441, 399, 82, 88, u'2015-09-27T16:15:00Z', u'FINISHED', 6, 3, 0)
(147442, 399, 86, 84, u'2015-09-26T16:15:00Z', u'FINISHED', 6, 0, 0)
(147443, 399, 92, 77, u'2015-09-27T18:30:00Z', u'FINISHED', 6, 0, 0)
(147444, 399, 559, 87, u'2015-09-26T18:30:00Z', u'FINISHED', 6, 3, 2)
(147446, 399, 95, 83, u'2015-09-25T18:30:00Z', u'FINISHED', 6, 1, 0)
(147447, 399, 94, 78, u'2015-09-26T18:30:00Z', u'FINISHED', 6, 1, 0)
(147448, 399, 77, 86, u'2015-09-23T19:00:00Z', u'FINISHED', 5, 1, 2)
(147449, 399, 78, 82, u'2015-09-22T18:00:00Z', u'FINISHED', 5, 2, 0)
(147450, 399, 558, 81, u'2015-09-23T18:00:00Z', u'FINISHED', 5, 4, 1)
(147451, 399, 80, 95, u'2015-09-22T18:00:00Z', u'FINISHED', 5, 1, 0)
(147452, 399, 83, 92, u'2015-09-22T20:00:00Z', u'FINISHED', 5, 0, 3)
(147454, 399, 88, 278, u'2015-09-23T18:00:00Z', u'FINISHED', 5, 2, 2)
(147455, 399, 84, 94, u'2015-09-23T20:00:00Z', u'FINISHED', 5, 0, 1)
(147458, 399, 81, 88, u'2015-09-20T18:30:00Z', u'FINISHED', 4, 4, 1)
(147460, 399, 278, 78, u'2015-09-19T18:30:00Z', u'FINISHED', 4, 0, 2)
(147461, 399, 82, 84, u'2015-09-18T18:30:00Z', u'FINISHED', 4, 1, 0)
(147463, 399, 86, 83, u'2015-09-19T14:00:00Z', u'FINISHED', 4, 1, 0)
(147464, 399, 92, 80, u'2015-09-19T20:00:00Z', u'FINISHED', 4, 2, 3)
(147465, 399, 559, 558, u'2015-09-20T10:00:00Z', u'FINISHED', 4, 1, 2)
(147467, 399, 94, 77, u'2015-09-20T16:15:00Z', u'FINISHED', 4, 3, 1)
(147468, 399, 77, 82, u'2015-09-13T14:00:00Z', u'FINISHED', 3, 3, 1)
(147469, 399, 78, 81, u'2015-09-12T18:30:00Z', u'FINISHED', 3, 1, 2)
(147471, 399, 80, 86, u'2015-09-12T14:00:00Z', u'FINISHED', 3, 0, 6)
(147472, 399, 83, 94, u'2015-09-13T10:00:00Z', u'FINISHED', 3, 1, 3)
(147473, 399, 88, 559, u'2015-09-11T18:30:00Z', u'FINISHED', 3, 1, 1)
(147474, 399, 84, 278, u'2015-09-13T18:30:00Z', u'FINISHED', 3, 0, 0)
(147475, 399, 87, 560, u'2015-09-14T18:30:00Z', u'FINISHED', 3, 1, 3)
(147478, 399, 81, 84, u'2015-08-29T18:30:00Z', u'FINISHED', 2, 1, 0)
(147479, 399, 558, 87, u'2015-08-29T20:00:00Z', u'FINISHED', 2, 3, 0)
(147480, 399, 278, 77, u'2015-08-30T16:30:00Z', u'FINISHED', 2, 2, 0)
(147481, 399, 82, 83, u'2015-08-30T20:30:00Z', u'FINISHED', 2, 1, 2)
(147485, 399, 559, 78, u'2015-08-30T18:30:00Z', u'FINISHED', 2, 0, 3)
(147486, 399, 95, 560, u'2015-08-30T18:30:00Z', u'FINISHED', 2, 1, 1)
(147487, 399, 94, 80, u'2015-08-28T18:30:00Z', u'FINISHED', 2, 3, 1)
(147488, 399, 77, 81, u'2015-08-23T16:30:00Z', u'FINISHED', 1, 0, 1)
(147490, 399, 560, 92, u'2015-08-22T16:30:00Z', u'FINISHED', 1, 0, 0)
(147491, 399, 80, 82, u'2015-08-22T16:30:00Z', u'FINISHED', 1, 1, 0)
(147492, 399, 83, 278, u'2015-08-24T18:30:00Z', u'FINISHED', 1, 1, 3)
(147493, 399, 88, 558, u'2015-08-23T20:00:00Z', u'FINISHED', 1, 1, 2)
(147494, 399, 84, 559, u'2015-08-23T15:00:00Z', u'FINISHED', 1, 0, 0)
(147495, 399, 87, 95, u'2015-08-22T20:30:00Z', u'FINISHED', 1, 0, 0)
(147499, 400, 295, 267, u'2016-06-04T22:00:00Z', u'SCHEDULED', 42, -1, -1)
(147523, 400, 295, 285, u'2016-05-14T22:00:00Z', u'SCHEDULED', 39, -1, -1)
(147598, 400, 285, 267, u'2016-03-19T23:00:00Z', u'SCHEDULED', 30, -1, -1)
(147670, 400, 267, 295, u'2016-01-16T23:00:00Z', u'SCHEDULED', 21, -1, -1)
(147694, 400, 285, 295, u'2015-12-19T23:00:00Z', u'SCHEDULED', 18, -1, -1)
(147767, 400, 267, 285, u'2015-10-18T10:00:00Z', u'TIMED', 9, -1, -1)
(147919, 401, 445, 586, u'2016-05-15T18:45:00Z', u'TIMED', 38, -1, -1)
(147922, 401, 110, 99, u'2016-05-15T18:45:00Z', u'TIMED', 38, -1, -1)
(147923, 401, 98, 100, u'2016-05-15T18:45:00Z', u'TIMED', 38, -1, -1)
(147926, 401, 471, 108, u'2016-05-15T18:45:00Z', u'TIMED', 38, -1, -1)
(147931, 401, 99, 114, u'2016-05-08T13:00:00Z', u'TIMED', 37, -1, -1)
(147934, 401, 108, 445, u'2016-05-08T13:00:00Z', u'TIMED', 37, -1, -1)
(147937, 401, 586, 113, u'2016-05-08T13:00:00Z', u'TIMED', 37, -1, -1)
(147940, 401, 107, 100, u'2016-05-01T13:00:00Z', u'TIMED', 36, -1, -1)
(147942, 401, 110, 108, u'2016-05-01T13:00:00Z', u'TIMED', 36, -1, -1)
(147951, 401, 99, 109, u'2016-04-24T13:00:00Z', u'TIMED', 35, -1, -1)
(147955, 401, 100, 113, u'2016-04-24T13:00:00Z', u'TIMED', 35, -1, -1)
(147957, 401, 586, 471, u'2016-04-24T13:00:00Z', u'TIMED', 35, -1, -1)
(147960, 401, 107, 108, u'2016-04-20T18:45:00Z', u'TIMED', 34, -1, -1)
(147961, 401, 109, 110, u'2016-04-20T18:45:00Z', u'TIMED', 34, -1, -1)
(147965, 401, 100, 586, u'2016-04-20T18:45:00Z', u'TIMED', 34, -1, -1)
(147971, 401, 99, 471, u'2016-04-17T13:00:00Z', u'TIMED', 33, -1, -1)
(147973, 401, 108, 113, u'2016-04-17T13:00:00Z', u'TIMED', 33, -1, -1)
(147974, 401, 109, 114, u'2016-04-17T13:00:00Z', u'TIMED', 33, -1, -1)
(147975, 401, 110, 445, u'2016-04-17T13:00:00Z', u'TIMED', 33, -1, -1)
(147979, 401, 445, 99, u'2016-04-10T13:00:00Z', u'TIMED', 32, -1, -1)
(147981, 401, 98, 109, u'2016-04-10T13:00:00Z', u'TIMED', 32, -1, -1)
(147983, 401, 114, 110, u'2016-04-10T13:00:00Z', u'TIMED', 32, -1, -1)
(147986, 401, 471, 107, u'2016-04-10T13:00:00Z', u'TIMED', 32, -1, -1)
(147994, 401, 108, 586, u'2016-04-03T13:00:00Z', u'TIMED', 31, -1, -1)
(147995, 401, 109, 445, u'2016-04-03T13:00:00Z', u'TIMED', 31, -1, -1)
(147996, 401, 110, 100, u'2016-04-03T13:00:00Z', u'TIMED', 31, -1, -1)
(147999, 401, 445, 114, u'2016-03-20T14:00:00Z', u'TIMED', 30, -1, -1)
(148002, 401, 98, 110, u'2016-03-20T14:00:00Z', u'TIMED', 30, -1, -1)
(148003, 401, 113, 107, u'2016-03-20T14:00:00Z', u'TIMED', 30, -1, -1)
(148004, 401, 100, 108, u'2016-03-20T14:00:00Z', u'TIMED', 30, -1, -1)
(148007, 401, 586, 109, u'2016-03-20T14:00:00Z', u'TIMED', 30, -1, -1)
(148012, 401, 107, 586, u'2016-03-13T14:00:00Z', u'TIMED', 29, -1, -1)
(148014, 401, 109, 471, u'2016-03-13T14:00:00Z', u'TIMED', 29, -1, -1)
(148016, 401, 114, 113, u'2016-03-13T14:00:00Z', u'TIMED', 29, -1, -1)
(148021, 401, 107, 445, u'2016-03-06T14:00:00Z', u'TIMED', 28, -1, -1)
(148023, 401, 108, 114, u'2016-03-06T14:00:00Z', u'TIMED', 28, -1, -1)
(148025, 401, 100, 99, u'2016-03-06T14:00:00Z', u'TIMED', 28, -1, -1)
(148026, 401, 471, 98, u'2016-03-06T14:00:00Z', u'TIMED', 28, -1, -1)
(148027, 401, 586, 110, u'2016-03-06T14:00:00Z', u'TIMED', 28, -1, -1)
(148030, 401, 445, 100, u'2016-02-28T14:00:00Z', u'TIMED', 27, -1, -1)
(148031, 401, 99, 113, u'2016-02-28T14:00:00Z', u'TIMED', 27, -1, -1)
(148032, 401, 109, 108, u'2016-02-28T14:00:00Z', u'TIMED', 27, -1, -1)
(148033, 401, 110, 471, u'2016-02-28T14:00:00Z', u'TIMED', 27, -1, -1)
(148034, 401, 98, 586, u'2016-02-28T14:00:00Z', u'TIMED', 27, -1, -1)
(148044, 401, 113, 98, u'2016-02-21T14:00:00Z', u'TIMED', 26, -1, -1)
(148045, 401, 100, 114, u'2016-02-21T14:00:00Z', u'TIMED', 26, -1, -1)
(148046, 401, 471, 445, u'2016-02-21T14:00:00Z', u'TIMED', 26, -1, -1)
(148051, 401, 99, 108, u'2016-02-14T14:00:00Z', u'TIMED', 25, -1, -1)
(148052, 401, 109, 113, u'2016-02-14T14:00:00Z', u'TIMED', 25, -1, -1)
(148054, 401, 98, 107, u'2016-02-14T14:00:00Z', u'TIMED', 25, -1, -1)
(148055, 401, 114, 586, u'2016-02-14T14:00:00Z', u'TIMED', 25, -1, -1)
(148061, 401, 107, 110, u'2016-02-07T14:00:00Z', u'TIMED', 24, -1, -1)
(148066, 401, 471, 114, u'2016-02-07T14:00:00Z', u'TIMED', 24, -1, -1)
(148073, 401, 109, 107, u'2016-02-03T19:45:00Z', u'TIMED', 23, -1, -1)
(148074, 401, 110, 113, u'2016-02-03T19:45:00Z', u'TIMED', 23, -1, -1)
(148075, 401, 114, 98, u'2016-02-03T19:45:00Z', u'TIMED', 23, -1, -1)
(148077, 401, 471, 100, u'2016-02-03T19:45:00Z', u'TIMED', 23, -1, -1)
(148082, 401, 107, 99, u'2016-01-31T14:00:00Z', u'TIMED', 22, -1, -1)
(148083, 401, 98, 108, u'2016-01-31T14:00:00Z', u'TIMED', 22, -1, -1)
(148084, 401, 113, 445, u'2016-01-31T14:00:00Z', u'TIMED', 22, -1, -1)
(148088, 401, 445, 98, u'2016-01-24T14:00:00Z', u'TIMED', 21, -1, -1)
(148089, 401, 99, 586, u'2016-01-24T14:00:00Z', u'TIMED', 21, -1, -1)
(148093, 401, 109, 100, u'2016-01-24T14:00:00Z', u'TIMED', 21, -1, -1)
(148102, 401, 107, 114, u'2016-01-17T14:00:00Z', u'TIMED', 20, -1, -1)
(148103, 401, 98, 99, u'2016-01-17T14:00:00Z', u'TIMED', 20, -1, -1)
(148104, 401, 113, 471, u'2016-01-17T14:00:00Z', u'TIMED', 20, -1, -1)
(148111, 401, 99, 110, u'2016-01-10T14:00:00Z', u'TIMED', 19, -1, -1)
(148114, 401, 108, 471, u'2016-01-10T14:00:00Z', u'TIMED', 19, -1, -1)
(148115, 401, 100, 98, u'2016-01-10T14:00:00Z', u'TIMED', 19, -1, -1)
(148117, 401, 586, 445, u'2016-01-10T14:00:00Z', u'TIMED', 19, -1, -1)
(148119, 401, 445, 108, u'2016-01-06T14:00:00Z', u'TIMED', 18, -1, -1)
(148124, 401, 113, 586, u'2016-01-06T14:00:00Z', u'TIMED', 18, -1, -1)
(148125, 401, 114, 99, u'2016-01-06T14:00:00Z', u'TIMED', 18, -1, -1)
(148134, 401, 108, 110, u'2015-12-20T19:45:00Z', u'TIMED', 17, -1, -1)
(148135, 401, 100, 107, u'2015-12-20T14:00:00Z', u'TIMED', 17, -1, -1)
(148141, 401, 109, 99, u'2015-12-13T19:45:00Z', u'TIMED', 16, -1, -1)
(148144, 401, 113, 100, u'2015-12-13T17:00:00Z', u'TIMED', 16, -1, -1)
(148146, 401, 471, 586, u'2015-12-12T17:00:00Z', u'TIMED', 16, -1, -1)
(148154, 401, 108, 107, u'2015-12-05T19:45:00Z', u'TIMED', 15, -1, -1)
(148155, 401, 110, 109, u'2015-12-04T19:45:00Z', u'TIMED', 15, -1, -1)
(148157, 401, 586, 100, u'2015-12-05T14:00:00Z', u'TIMED', 15, -1, -1)
(148159, 401, 445, 110, u'2015-11-29T17:00:00Z', u'TIMED', 14, -1, -1)
(148163, 401, 113, 108, u'2015-11-30T20:00:00Z', u'TIMED', 14, -1, -1)
(148164, 401, 114, 109, u'2015-11-29T19:45:00Z', u'TIMED', 14, -1, -1)
(148166, 401, 471, 99, u'2015-11-30T18:00:00Z', u'TIMED', 14, -1, -1)
(148171, 401, 99, 445, u'2015-11-22T14:00:00Z', u'TIMED', 13, -1, -1)
(148172, 401, 107, 471, u'2015-11-22T14:00:00Z', u'TIMED', 13, -1, -1)
(148175, 401, 109, 98, u'2015-11-21T19:45:00Z', u'TIMED', 13, -1, -1)
(148176, 401, 110, 114, u'2015-11-22T14:00:00Z', u'TIMED', 13, -1, -1)
(148178, 401, 445, 109, u'2015-11-08T14:00:00Z', u'TIMED', 12, -1, -1)
(148184, 401, 100, 110, u'2015-11-08T14:00:00Z', u'TIMED', 12, -1, -1)
(148187, 401, 586, 108, u'2015-11-08T11:30:00Z', u'TIMED', 12, -1, -1)
(148192, 401, 107, 113, u'2015-11-01T14:00:00Z', u'TIMED', 11, -1, -1)
(148193, 401, 108, 100, u'2015-10-31T19:45:00Z', u'TIMED', 11, -1, -1)
(148194, 401, 109, 586, u'2015-10-31T17:00:00Z', u'TIMED', 11, -1, -1)
(148195, 401, 110, 98, u'2015-11-01T19:45:00Z', u'TIMED', 11, -1, -1)
(148196, 401, 114, 445, u'2015-11-02T20:00:00Z', u'TIMED', 11, -1, -1)
(148203, 401, 113, 114, u'2015-10-28T19:45:00Z', u'TIMED', 10, -1, -1)
(148206, 401, 471, 109, u'2015-10-28T19:45:00Z', u'TIMED', 10, -1, -1)
(148207, 401, 586, 107, u'2015-10-28T19:45:00Z', u'TIMED', 10, -1, -1)
(148210, 401, 445, 107, u'2015-10-24T13:00:00Z', u'TIMED', 9, -1, -1)
(148211, 401, 99, 100, u'2015-10-25T17:00:00Z', u'TIMED', 9, -1, -1)
(148213, 401, 110, 586, u'2015-10-25T17:00:00Z', u'TIMED', 9, -1, -1)
(148214, 401, 98, 471, u'2015-10-25T14:00:00Z', u'TIMED', 9, -1, -1)
(148215, 401, 114, 108, u'2015-10-24T18:45:00Z', u'TIMED', 9, -1, -1)
(148223, 401, 108, 109, u'2015-10-18T18:45:00Z', u'TIMED', 8, -1, -1)
(148224, 401, 113, 99, u'2015-10-18T13:00:00Z', u'TIMED', 8, -1, -1)
(148225, 401, 100, 445, u'2015-10-17T16:00:00Z', u'TIMED', 8, -1, -1)
(148226, 401, 471, 110, u'2015-10-18T13:00:00Z', u'TIMED', 8, -1, -1)
(148227, 401, 586, 98, u'2015-10-17T18:45:00Z', u'TIMED', 8, -1, -1)
(148230, 401, 445, 471, u'2015-10-04T10:30:00Z', u'FINISHED', 7, 1, 0)
(148234, 401, 98, 113, u'2015-10-04T18:45:00Z', u'FINISHED', 7, 0, 4)
(148235, 401, 114, 100, u'2015-10-04T13:00:00Z', u'FINISHED', 7, 2, 4)
(148241, 401, 107, 98, u'2015-09-27T10:30:00Z', u'FINISHED', 6, 1, 0)
(148243, 401, 108, 99, u'2015-09-27T18:45:00Z', u'FINISHED', 6, 1, 4)
(148244, 401, 113, 109, u'2015-09-26T18:45:00Z', u'FINISHED', 6, 2, 1)
(148247, 401, 586, 114, u'2015-09-27T13:00:00Z', u'FINISHED', 6, 2, 1)
(148254, 401, 110, 107, u'2015-09-23T18:45:00Z', u'FINISHED', 5, 2, 0)
(148255, 401, 114, 471, u'2015-09-23T18:45:00Z', u'FINISHED', 5, 0, 1)
(148262, 401, 107, 109, u'2015-09-20T13:00:00Z', u'FINISHED', 4, 0, 2)
(148263, 401, 98, 114, u'2015-09-19T18:45:00Z', u'FINISHED', 4, 3, 2)
(148264, 401, 113, 110, u'2015-09-20T18:45:00Z', u'FINISHED', 4, 5, 0)
(148265, 401, 100, 471, u'2015-09-20T13:00:00Z', u'FINISHED', 4, 2, 2)
(148268, 401, 445, 113, u'2015-09-13T13:00:00Z', u'FINISHED', 3, 2, 2)
(148269, 401, 99, 107, u'2015-09-12T16:00:00Z', u'FINISHED', 3, 1, 0)
(148272, 401, 108, 98, u'2015-09-13T18:45:00Z', u'FINISHED', 3, 1, 0)
(148283, 401, 586, 99, u'2015-08-30T18:45:00Z', u'FINISHED', 2, 3, 1)
(148285, 401, 100, 109, u'2015-08-30T16:00:00Z', u'FINISHED', 2, 2, 1)
(148286, 401, 98, 445, u'2015-08-29T18:45:00Z', u'FINISHED', 2, 2, 1)
(148289, 401, 99, 98, u'2015-08-23T18:45:00Z', u'FINISHED', 1, 2, 0)
(148294, 401, 471, 113, u'2015-08-23T18:45:00Z', u'FINISHED', 1, 2, 1)
(148296, 401, 114, 107, u'2015-08-23T18:45:00Z', u'FINISHED', 1, 1, 0)
(148383, 402, 495, 503, u'2016-02-14T16:00:00Z', u'TIMED', 22, -1, -1)
(148506, 402, 503, 495, u'2015-09-20T18:15:00Z', u'FINISHED', 5, 1, 0)
