(145366, 4407, 85, 44, 63)
(145367, 4606, 94, 0, 46)
(145368, 4376, 87, 40, 41)
(145369, 4700, 8, 78, 35)
(145370, 4498, 13, 95, 28)
(145371, 4441, 56, 75, 16)
(145372, 4555, 8, 33, 8)
(145373, 27, 51, 62, 21)
(145374, 138, 61, 69, 50)
(145375, 4644, 31, 60, 36)
(145376, 4320, 18, 81, 70)
(145377, 138, 32, 41, 92)
(145378, 4376, 47, 94, 86)
(145379, 4498, 44, 34, 24)
(145380, 4590, 58, 19, 55)
(145381, 27, 100, 61, 60)
(145382, 4407, 38, 87, 58)
(145383, 4348, 39, 80, 32)
(145384, 4407, 28, 11, 62)
(145385, 4555, 83, 13, 23)
(145386, 4590, 81, 9, 49)
(145387, 138, 83, 100, 87)
(145388, 4320, 92, 50, 84)
(145389, 4376, 32, 85, 13)
(145390, 4441, 31, 70, 20)
(145391, 4470, 62, 55, 66)
(145392, 27, 94, 32, 77)
(145393, 4441, 90, 52, 26)
(145394, 4320, 14, 39, 88)
(145395, 27, 44, 43, 93)
(145396, 4555, 69, 67, 92)
(145397, 4376, 52, 3, 73)
(145398, 4498, 50, 12, 70)
(145399, 4583, 60, 4, 99)
(145400, 4348, 11, 68, 34)
(145401, 138, 8, 30, 25)
(145402, 4348, 20, 62, 33)
(145403, 4320, 16, 11, 60)
(145404, 4583, 31, 82, 37)
(145405, 4470, 63, 95, 81)
(145406, 4498, 9, 7, 70)
(145407, 4376, 92, 39, 58)
(145408, 4441, 78, 41, 69)
(145409, 4612, 84, 35, 60)
(145410, 27, 83, 51, 20)
(145411, 4320, 91, 11, 85)
(145412, 4470, 70, 64, 92)
(145413, 4376, 5, 89, 55)
(145414, 4606, 4, 70, 100)
(145415, 4644, 45, 70, 49)
(145416, 4583, 71, 15, 54)
(145417, 4348, 0, 62, 85)
(145418, 27, 3, 25, 35)
(145419, 138, 99, 72, 52)
(145420, 138, 25, 90, 21)
(145421, 4320, 99, 72, 35)
(145422, 27, 12, 42, 66)
(145423, 4555, 22, 64, 56)
(145424, 4348, 48, 85, 49)
(145425, 4376, 96, 73, 75)
(145426, 4441, 31, 19, 21)
(145427, 4583, 5, 0, 67)
(145428, 4407, 91, 31, 45)
(145429, 4407, 41, 12, 1)
(145430, 4320, 23, 37, 57)
(145431, 4441, 27, 40, 84)
(145432, 4555, 34, 31, 14)
(145433, 4590, 25, 35, 62)
(145434, 4583, 58, 92, 98)
(145435, 4348, 60, 17, 0)
(145436, 27, 71, 38, 87)
(145437, 138, 82, 0, 59)
(145438, 4470, 97, 17, 26)
(145439, 27, 47, 31, 35)
(145440, 4612, 53, 5, 54)
(145441, 4320, 11, 6, 81)
(145442, 4407, 22, 52, 4)
(145443, 4376, 4, 36, 59)
(145444, 4555, 76, 78, 58)
(145445, 138, 76, 14, 69)
(145446, 4348, 44, 17, 93)
(145447, 4407, 21, 38, 86)
(145448, 4590, 67, 87, 80)
(145449, 4320, 33, 68, 61)
(145450, 4470, 73, 61, 75)
(145451, 4583, 0, 95, 33)
(145452, 4498, 82, 17, 4)
(145453, 4348, 91, 89, 0)
(145454, 27, 32, 51, 84)
(145455, 138, 82, 92, 82)
(145456, 27, 33, 64, 37)
(145457, 4590, 41, 2, 8)
(145458, 4348, 5, 90, 12)
(145459, 4498, 30, 20, 13)
(145460, 138, 74, 61, 7)
(145461, 4320, 90, 47, 22)
(145462, 4407, 61, 20, 61)
(145463, 4606, 48, 47, 58)
(145464, 4470, 93, 3, 84)
(145465, 4407, 98, 94, 81)
(145466, 4441, 67, 24, 95)
(145467, 4320, 52, 85, 5)
(145468, 4470, 67, 70, 27)
(145469, 4555, 68, 0, 64)
(145470, 4612, 1, 23, 2)
(145471, 4348, 23, 1, 84)
(145472, 27, 96, 85, 0)
(145473, 138, 58, 78, 86)
(145474, 4644, 99, 63, 29)
(145475, 4498, 20, 85, 96)
(145476, 4700, 48, 92, 16)
(145477, 4320, 85, 26, 32)
(145478, 4376, 0, 62, 94)
(145479, 138, 62, 73, 18)
(145480, 4441, 6, 12, 53)
(145481, 27, 94, 41, 100)
(145482, 4348, 34, 34, 31)
(145483, 4407, 67, 31, 87)
(145484, 4376, 42, 12, 0)
(145485, 4498, 26, 0, 80)
(145486, 4470, 83, 84, 13)
(145487, 4320, 38, 2, 81)
(145488, 4583, 61, 46, 81)
(145489, 4348, 1, 97, 6)
(145490, 27, 16, 52, 63)
(145491, 138, 41, 2, 71)
(145492, 4590, 90, 72, 93)
(145493, 27, 24, 66, 59)
(145494, 4320, 65, 84, 86)
(145495, 4470, 18, 75, 78)
(145496, 4376, 16, 35, 8)
(145497, 4555, 46, 16, 62)
(145498, 4441, 94, 30, 31)
(145499, 4407, 19, 17, 22)
(145500, 138, 58, 66, 55)
(145501, 4320, 74, 65, 66)
(145502, 4376, 63, 42, 14)
(145503, 4441, 61, 31, 98)
(145504, 4606, 84, 84, 11)
(145505, 4498, 57, 25, 53)
(145506, 4612, 93, 63, 45)
(145507, 4348, 100, 8, 7)
(145508, 27, 30, 38, 69)
(145509, 138, 12, 18, 85)
(145510, 4777, 4, 80, 26)
(145511, 138, 85, 53, 84)
(145512, 4470, 81, 64, 37)
(145513, 4376, 0, 12, 52)
(145514, 4407, 19, 74, 56)
(145515, 4441, 65, 35, 58)
(145516, 4606, 17, 61, 20)
(145517, 4348, 84, 22, 98)
(145518, 27, 23, 74, 57)
(145519, 4498, 73, 52, 92)
(145520, 27, 69, 72, 71)
(145521, 4407, 98, 81, 34)
(145522, 4376, 27, 73, 58)
(145523, 4555, 80, 79, 80)
(145524, 4606, 34, 97, 13)
(145525, 4700, 12, 89, 50)
(145526, 4441, 86, 28, 56)
(145527, 138, 87, 16, 49)
(145528, 4407, 37, 2, 76)
(145529, 4644, 73, 46, 78)
(145530, 4590, 66, 51, 77)
(145531, 4320, 4, 18, 98)
(145532, 4498, 20, 65, 47)
(145533, 4376, 91, 8, 63)
(145534, 4348, 46, 44, 69)
(145535, 27, 19, 44, 80)
(145536, 138, 62, 13, 78)
(145537, 4590, 83, 60, 85)
(145538, 4320, 96, 19, 0)
(145539, 4470, 28, 26, 11)
(145540, 4555, 59, 58, 47)
(145541, 4441, 40, 38, 80)
(145542, 4407, 54, 70, 46)
(145543, 4376, 65, 82, 7)
(145544, 27, 95, 82, 79)
(145545, 138, 93, 29, 10)
(145546, 138, 49, 38, 43)
(145547, 4583, 40, 39, 45)
(145548, 4555, 62, 46, 75)
(145549, 4348, 67, 69, 89)
(145550, 4498, 2, 21, 21)
(145551, 4376, 30, 82, 71)
(145552, 4441, 72, 82, 78)
(145553, 4320, 3, 35, 55)
(145554, 27, 29, 85, 36)
(145555, 4376, 70, 55, 46)
(145556, 4320, 0, 35, 52)
(145557, 4470, 32, 67, 65)
(145558, 4441, 70, 31, 26)
(145559, 4498, 48, 73, 5)
(145560, 4612, 9, 58, 31)
(145561, 4583, 96, 7, 59)
(145562, 4348, 53, 80, 63)
(145563, 27, 38, 52, 99)
(145564, 27, 55, 87, 16)
(145565, 4644, 25, 55, 0)
(145566, 4348, 38, 12, 82)
(145567, 4583, 3, 92, 17)
(145568, 4606, 46, 54, 59)
(145569, 4470, 33, 53, 9)
(145570, 4376, 63, 84, 48)
(145571, 4320, 33, 83, 14)
(145572, 138, 78, 59, 2)
(145573, 4407, 86, 10, 98)
(145574, 4320, 34, 83, 91)
(145575, 4376, 43, 53, 18)
(145576, 4555, 73, 93, 78)
(145577, 4441, 16, 7, 2)
(145578, 4583, 12, 49, 95)
(145579, 4348, 57, 3, 92)
(145580, 27, 38, 69, 17)
(145581, 138, 39, 20, 97)
(145582, 4348, 55, 56, 15)
(145583, 4590, 88, 58, 77)
(145584, 4407, 82, 74, 51)
(145585, 4583, 38, 39, 95)
(145586, 138, 86, 82, 38)
(145587, 4320, 89, 1, 30)
(145588, 4441, 75, 54, 78)
(145589, 4555, 61, 98, 98)
(145590, 27, 67, 66, 92)
(145591, 4407, 49, 19, 93)
(145592, 4320, 43, 48, 32)
(145593, 4470, 19, 90, 80)
(145594, 4376, 60, 93, 68)
(145595, 4612, 77, 25, 90)
(145596, 4555, 36, 8, 51)
(145597, 4348, 19, 5, 82)
(145598, 27, 39, 57, 35)
(145599, 138, 3, 60, 25)
(145600, 4407, 8, 95, 6)
(145601, 4590, 49, 27, 64)
(145602, 138, 45, 81, 93)
(145603, 4498, 27, 47, 91)
(145604, 27, 90, 48, 44)
(145605, 4470, 81, 2, 18)
(145606, 4348, 100, 25, 3)
(145607, 4320, 46, 36, 58)
(145608, 4583, 14, 43, 55)
(145609, 4407, 0, 80, 24)
(145610, 4498, 69, 69, 33)
(145611, 4320, 35, 92, 56)
(145612, 4470, 33, 91, 76)
(145613, 4606, 70, 14, 1)
(145614, 4590, 95, 64, 81)
(145615, 4348, 55, 61, 4)
(145616, 27, 50, 24, 88)
(145617, 138, 60, 54, 28)
(145618, 4612, 46, 22, 6)
(145619, 138, 40, 20, 71)
(145620, 4407, 11, 51, 80)
(145621, 27, 8, 2, 90)
(145622, 4348, 29, 3, 74)
(145623, 4555, 72, 13, 21)
(145624, 4441, 41, 61, 92)
(145625, 4470, 67, 100, 24)
(145626, 4320, 6, 45, 51)
(145627, 4376, 32, 32, 72)
(145628, 4644, 25, 58, 11)
(145629, 4498, 26, 53, 73)
(145630, 4320, 23, 61, 56)
(145631, 4700, 74, 43, 66)
(145632, 4441, 16, 85, 6)
(145633, 4348, 87, 32, 29)
(145634, 27, 14, 34, 92)
(145635, 138, 29, 18, 5)
(145636, 4498, 68, 84, 12)
(145637, 4407, 63, 92, 14)
(145638, 4470, 45, 48, 34)
(145639, 4320, 20, 44, 59)
(145640, 4376, 14, 50, 98)
(145641, 4348, 92, 56, 71)
(145642, 27, 27, 54, 1)
(145643, 138, 37, 64, 12)
(145644, 4583, 48, 64, 1)
(145645, 4407, 83, 55, 49)
(145646, 4590, 59, 96, 4)
(145647, 4555, 89, 0, 61)
(145648, 4441, 15, 70, 51)
(145649, 4470, 75, 62, 60)
(145650, 4376, 97, 69, 45)
(145651, 4320, 22, 42, 59)
(145652, 27, 74, 40, 41)
(145653, 138, 64, 97, 84)
(145654, 4612, 95, 44, 29)
(145655, 4320, 53, 46, 19)
(145656, 4348, 74, 83, 89)
(145657, 4376, 93, 64, 69)
(145658, 27, 32, 40, 24)
(145659, 4441, 4, 2, 74)
(145660, 4606, 61, 5, 46)
(145661, 138, 91, 55, 65)
(145662, 4498, 71, 94, 17)
(145663, 4407, 26, 28, 26)
(145664, 4441, 71, 10, 3)
(145665, 4777, 55, 94, 19)
(145666, 4376, 72, 23, 92)
(145667, 4606, 15, 89, 13)
(145668, 4348, 28, 34, 13)
(145669, 27, 72, 13, 69)
(145670, 138, 18, 2, 9)
(145671, 4470, 68, 65, 14)
(145979, 2588, 89, 20, 78)
(145980, 110, 67, 50, 71)
(145982, 587, 68, 42, 53)
(145983, 431, 36, 82, 5)
(145984, 419, 0, 84, 32)
(145985, 940, 10, 19, 65)
(145986, 666, 4, 37, 76)
(145989, 2564, 94, 32, 32)
(145991, 110, 80, 46, 18)
(145992, 940, 13, 95, 99)
(145993, 598, 96, 43, 40)
(145994, 1772, 62, 46, 7)
(145995, 419, 34, 74, 3)
(145996, 943, 59, 31, 31)
(145999, 2661, 54, 94, 100)
(146000, 666, 72, 78, 8)
(146001, 110, 64, 51, 83)
(146002, 598, 37, 21, 4)
(146004, 431, 1, 26, 48)
(146005, 2543, 91, 43, 58)
(146006, 1772, 38, 29, 84)
(146008, 431, 81, 15, 89)
(146010, 110, 75, 83, 22)
(146013, 2327, 42, 89, 52)
(146014, 598, 7, 31, 42)
(146015, 587, 48, 47, 61)
(146016, 1772, 71, 39, 82)
(146017, 419, 93, 43, 42)
(146018, 1772, 43, 45, 1)
(146021, 2564, 24, 52, 100)
(146022, 587, 41, 30, 45)
(146023, 598, 70, 14, 72)
(146024, 419, 85, 68, 80)
(146025, 431, 74, 14, 39)
(146026, 110, 77, 0, 19)
(146029, 2564, 0, 57, 13)
(146030, 110, 95, 86, 35)
(146031, 587, 100, 11, 75)
(146032, 419, 31, 40, 81)
(146033, 940, 36, 43, 38)
(146034, 943, 39, 96, 69)
(146035, 598, 65, 67, 92)
(146037, 2623, 64, 78, 8)
(146038, 943, 36, 32, 5)
(146040, 110, 86, 23, 67)
(146041, 419, 53, 89, 73)
(146042, 587, 97, 7, 95)
(146043, 598, 88, 40, 27)
(146044, 431, 37, 83, 77)
(146045, 940, 56, 11, 34)
(146046, 2623, 12, 23, 19)
(146049, 2588, 16, 30, 78)
(146051, 666, 59, 80, 10)
(146053, 419, 75, 97, 33)
(146054, 940, 97, 63, 18)
(146055, 431, 30, 3, 3)
(146056, 110, 90, 38, 93)
(146057, 1772, 30, 31, 51)
(146058, 666, 77, 97, 30)
(146060, 110, 18, 18, 57)
(146061, 943, 63, 9, 40)
(146062, 587, 11, 44, 8)
(146063, 2327, 14, 60, 25)
(146065, 419, 91, 96, 30)
(146066, 2588, 76, 45, 82)
(146069, 2564, 49, 15, 33)
(146071, 587, 89, 39, 98)
(146072, 666, 53, 81, 23)
(146074, 110, 3, 37, 6)
(146075, 943, 57, 55, 13)
(146076, 431, 20, 31, 47)
(146077, 598, 33, 62, 63)
(146080, 666, 55, 68, 100)
(146081, 587, 31, 8, 59)
(146082, 2327, 4, 29, 69)
(146083, 419, 5, 13, 49)
(146084, 2543, 84, 25, 46)
(146085, 1772, 53, 80, 76)
(146086, 940, 54, 88, 11)
(146089, 598, 43, 29, 27)
(146090, 2327, 57, 5, 25)
(146091, 940, 37, 63, 8)
(146092, 419, 44, 81, 59)
(146093, 110, 53, 23, 45)
(146095, 943, 79, 80, 52)
(146096, 431, 6, 21, 35)
(146098, 110, 74, 52, 82)
(146099, 2623, 67, 35, 19)
(146100, 598, 88, 5, 5)
(146101, 943, 33, 4, 55)
(146102, 419, 49, 96, 95)
(146103, 431, 50, 31, 83)
(146104, 2543, 81, 32, 59)
(146106, 587, 81, 23, 94)
(146110, 1772, 81, 40, 79)
(146111, 2543, 77, 79, 98)
(146113, 666, 3, 2, 5)
(146114, 2564, 44, 95, 22)
(146115, 587, 66, 75, 51)
(146116, 431, 23, 53, 26)
(146117, 598, 82, 76, 21)
(146119, 666, 70, 49, 67)
(146120, 587, 58, 47, 84)
(146121, 943, 20, 11, 87)
(146123, 2327, 65, 77, 44)
(146124, 419, 84, 32, 5)
(146125, 431, 44, 36, 9)
(146127, 940, 34, 1, 3)
(146129, 419, 56, 78, 51)
(146130, 940, 21, 19, 93)
(146131, 2327, 55, 90, 59)
(146133, 2543, 60, 11, 29)
(146134, 666, 93, 1, 69)
(146135, 431, 75, 99, 84)
(146136, 110, 34, 76, 18)
(146138, 110, 21, 86, 57)
(146140, 587, 75, 100, 39)
(146141, 2661, 4, 79, 57)
(146142, 598, 62, 12, 51)
(146143, 2327, 60, 54, 9)
(146144, 419, 18, 27, 99)
(146146, 1772, 29, 53, 53)
(146148, 2699, 81, 44, 88)
(146149, 666, 9, 58, 6)
(146150, 943, 11, 25, 47)
(146152, 110, 91, 74, 49)
(146153, 587, 10, 54, 70)
(146155, 419, 34, 16, 66)
(146156, 431, 39, 87, 96)
(146159, 666, 52, 98, 35)
(146161, 2588, 66, 86, 86)
(146162, 598, 32, 26, 48)
(146164, 110, 44, 94, 26)
(146165, 431, 42, 21, 38)
(146166, 2543, 47, 97, 23)
(146167, 940, 16, 6, 22)
(146168, 2543, 29, 92, 87)
(146169, 943, 56, 95, 91)
(146170, 431, 14, 18, 75)
(146172, 110, 72, 52, 46)
(146173, 598, 16, 92, 28)
(146174, 2327, 75, 55, 64)
(146176, 666, 68, 38, 65)
(146179, 666, 65, 29, 35)
(146180, 587, 81, 62, 96)
(146181, 110, 42, 95, 41)
(146182, 598, 96, 31, 17)
(146184, 419, 13, 25, 36)
(146185, 2327, 26, 76, 84)
(146186, 940, 3, 52, 77)
(146188, 587, 69, 37, 12)
(146189, 110, 91, 71, 87)
(146190, 666, 10, 42, 63)
(146192, 431, 71, 91, 5)
(146194, 943, 46, 95, 36)
(146196, 940, 57, 74, 83)
(146197, 2564, 88, 40, 40)
(146199, 2588, 26, 73, 8)
(146200, 110, 8, 41, 78)
(146201, 666, 35, 75, 2)
(146202, 2327, 77, 79, 76)
(146203, 587, 51, 51, 54)
(146205, 419, 83, 41, 30)
(146206, 940, 23, 95, 36)
(146209, 2588, 42, 10, 47)
(146211, 598, 51, 58, 74)
(146212, 419, 82, 73, 14)
(146213, 587, 1, 46, 61)
(146215, 940, 34, 52, 44)
(146216, 110, 53, 21, 14)
(146217, 2327, 24, 16, 9)
(146220, 110, 93, 20, 73)
(146221, 431, 24, 98, 46)
(146222, 587, 18, 3, 62)
(146223, 2543, 12, 86, 97)
(146224, 419, 88, 51, 30)
(146225, 940, 96, 55, 85)
(146226, 943, 10, 61, 85)
(146229, 587, 73, 56, 2)
(146230, 110, 34, 0, 20)
(146231, 666, 76, 77, 88)
(146233, 598, 21, 58, 9)
(146234, 419, 68, 86, 35)
(146235, 943, 0, 48, 54)
(146236, 431, 80, 32, 18)
(146238, 2661, 38, 75, 3)
(146240, 110, 95, 38, 27)
(146242, 598, 13, 76, 38)
(146243, 666, 46, 32, 64)
(146244, 431, 91, 5, 3)
(146245, 1772, 37, 89, 79)
(146246, 2623, 50, 39, 88)
(146250, 598, 58, 3, 95)
(146252, 666, 11, 76, 97)
(146253, 940, 23, 75, 73)
(146254, 2699, 12, 39, 54)
(146255, 419, 84, 13, 16)
(146256, 431, 13, 29, 31)
(146257, 587, 29, 86, 40)
(146258, 431, 2, 10, 98)
(146259, 2588, 70, 28, 1)
(146260, 110, 42, 65, 56)
(146261, 419, 10, 31, 9)
(146263, 943, 25, 55, 28)
(146264, 2543, 87, 91, 63)
(146265, 940, 14, 27, 53)
(146269, 1772, 47, 59, 63)
(146271, 666, 24, 48, 30)
(146272, 2564, 83, 23, 68)
(146273, 587, 51, 11, 28)
(146274, 598, 2, 79, 1)
(146275, 419, 46, 93, 96)
(146276, 431, 77, 16, 74)
(146278, 2623, 25, 33, 87)
(146279, 419, 85, 83, 23)
(146281, 110, 12, 16, 73)
(146282, 2564, 61, 46, 24)
(146283, 431, 79, 23, 81)
(146285, 666, 23, 90, 74)
(146287, 1772, 31, 80, 3)
(146290, 598, 98, 36, 81)
(146291, 2564, 63, 35, 34)
(146292, 587, 40, 68, 80)
(146293, 2327, 23, 30, 2)
(146294, 419, 34, 33, 64)
(146295, 110, 61, 10, 45)
(146296, 943, 31, 6, 17)
(146299, 2327, 99, 69, 30)
(146300, 2588, 25, 97, 90)
(146301, 2661, 93, 45, 35)
(146303, 587, 10, 68, 69)
(146304, 419, 60, 11, 84)
(146305, 431, 74, 42, 17)
(146306, 666, 79, 66, 85)
(146307, 598, 55, 23, 86)
(146310, 1772, 31, 76, 56)
(146311, 598, 67, 50, 70)
(146312, 110, 51, 51, 60)
(146313, 419, 82, 64, 16)
(146314, 943, 18, 38, 80)
(146315, 431, 78, 66, 51)
(146316, 2543, 92, 4, 99)
(146319, 598, 94, 95, 66)
(146320, 419, 21, 74, 26)
(146321, 110, 2, 99, 95)
(146323, 431, 70, 90, 75)
(146324, 2543, 67, 29, 76)
(146325, 940, 71, 10, 96)
(146326, 1772, 49, 21, 22)
(146328, 110, 41, 35, 41)
(146330, 666, 88, 41, 9)
(146331, 1772, 50, 64, 53)
(146332, 431, 75, 21, 64)
(146333, 598, 24, 8, 26)
(146334, 2327, 100, 22, 94)
(146335, 419, 91, 56, 48)
(146337, 587, 57, 27, 80)
(146339, 2623, 88, 11, 45)
(146340, 110, 38, 10, 67)
(146341, 2564, 60, 32, 5)
(146342, 587, 65, 82, 17)
(146344, 943, 76, 90, 56)
(146345, 940, 85, 29, 82)
(146346, 1772, 50, 41, 89)
(146348, 940, 47, 16, 55)
(146349, 2543, 61, 73, 52)
(146351, 431, 51, 41, 1)
(146353, 110, 64, 88, 43)
(146354, 587, 45, 11, 91)
(146355, 419, 31, 31, 32)
(146356, 943, 81, 75, 4)
(146357, 1772, 82, 76, 15)
(146738, 542, 26, 63, 78)
(146739, 242, 53, 77, 73)
(146740, 1710, 41, 52, 33)
(146741, 270, 30, 14, 5)
(146742, 1076, 83, 34, 4)
(146743, 21, 76, 81, 82)
(146744, 46, 79, 25, 66)
(146745, 179, 90, 88, 67)
(146746, 222, 59, 60, 99)
(146747, 542, 65, 11, 37)
(146748, 21, 87, 61, 85)
(146749, 626, 74, 98, 27)
(146750, 179, 96, 75, 59)
(146751, 46, 14, 84, 2)
(146752, 16, 61, 73, 39)
(146753, 242, 67, 74, 51)
(146754, 270, 28, 93, 94)
(146755, 480, 72, 70, 66)
(146756, 1752, 21, 55, 98)
(146757, 242, 10, 80, 75)
(146758, 16, 44, 14, 46)
(146759, 1837, 89, 2, 55)
(146760, 46, 76, 79, 24)
(146761, 21, 42, 35, 67)
(146762, 222, 83, 33, 68)
(146763, 179, 97, 55, 46)
(146764, 410, 57, 11, 29)
(146765, 542, 6, 7, 2)
(146766, 1710, 24, 41, 45)
(146767, 626, 55, 19, 22)
(146768, 222, 48, 91, 41)
(146769, 21, 54, 85, 16)
(146770, 179, 48, 89, 65)
(146771, 1008, 29, 27, 22)
(146772, 270, 66, 17, 35)
(146773, 16, 32, 91, 75)
(146774, 1837, 33, 40, 75)
(146775, 46, 67, 79, 81)
(146776, 1076, 81, 88, 37)
(146777, 480, 35, 5, 76)
(146778, 16, 93, 30, 12)
(146779, 899, 27, 89, 30)
(146780, 1008, 6, 78, 84)
(146781, 21, 96, 20, 96)
(146782, 179, 59, 63, 4)
(146783, 1752, 71, 28, 11)
(146784, 21, 44, 7, 63)
(146785, 46, 24, 88, 7)
(146786, 1076, 37, 52, 54)
(146787, 626, 9, 56, 6)
(146788, 242, 88, 70, 19)
(146789, 16, 9, 70, 45)
(146790, 179, 79, 90, 30)
(146791, 480, 11, 85, 23)
(146792, 179, 63, 1, 62)
(146793, 242, 31, 21, 32)
(146794, 626, 32, 46, 52)
(146795, 222, 33, 30, 23)
(146796, 16, 64, 39, 0)
(146797, 1752, 14, 98, 8)
(146798, 21, 74, 32, 81)
(146799, 410, 35, 46, 89)
(146800, 480, 13, 1, 50)
(146801, 242, 92, 58, 5)
(146802, 626, 83, 54, 73)
(146803, 1710, 65, 14, 89)
(146804, 16, 35, 11, 69)
(146805, 1008, 13, 73, 38)
(146806, 222, 94, 44, 35)
(146807, 542, 17, 77, 18)
(146808, 21, 29, 7, 11)
(146809, 410, 14, 100, 52)
(146810, 410, 10, 89, 24)
(146811, 270, 10, 59, 78)
(146812, 626, 37, 42, 2)
(146813, 222, 86, 22, 28)
(146814, 16, 72, 64, 47)
(146815, 46, 79, 66, 18)
(146816, 21, 60, 20, 13)
(146817, 1008, 85, 100, 50)
(146818, 179, 99, 2, 22)
(146819, 21, 20, 38, 69)
(146820, 222, 34, 2, 64)
(146821, 480, 77, 42, 6)
(146822, 46, 65, 59, 72)
(146823, 1008, 93, 42, 100)
(146824, 899, 70, 45, 17)
(146825, 270, 11, 86, 0)
(146826, 179, 90, 44, 11)
(146827, 16, 3, 53, 29)
(146828, 21, 38, 88, 50)
(146829, 46, 86, 91, 24)
(146830, 16, 44, 2, 80)
(146831, 899, 27, 93, 51)
(146832, 542, 21, 66, 59)
(146833, 410, 47, 23, 48)
(146834, 242, 17, 17, 26)
(146835, 1008, 35, 46, 78)
(146836, 270, 34, 56, 64)
(146837, 626, 75, 27, 74)
(146838, 222, 73, 71, 15)
(146839, 16, 53, 77, 25)
(146840, 46, 92, 21, 93)
(146841, 242, 68, 4, 6)
(146842, 21, 33, 30, 80)
(146843, 270, 65, 20, 22)
(146844, 410, 84, 80, 41)
(146845, 480, 42, 1, 30)
(146846, 626, 4, 93, 84)
(146847, 222, 5, 29, 23)
(146848, 242, 27, 9, 39)
(146849, 179, 90, 29, 39)
(146850, 410, 58, 16, 84)
(146851, 46, 57, 84, 34)
(146852, 480, 28, 55, 75)
(146853, 16, 35, 11, 50)
(146854, 899, 50, 9, 7)
(146855, 542, 4, 22, 36)
(146856, 16, 32, 33, 10)
(146857, 222, 54, 1, 92)
(146858, 46, 34, 88, 26)
(146859, 410, 21, 52, 58)
(146860, 480, 12, 6, 1)
(146861, 21, 56, 23, 76)
(146862, 899, 36, 83, 99)
(146863, 179, 77, 1, 2)
(146864, 1710, 60, 0, 61)
(146865, 16, 12, 40, 18)
(146866, 410, 4, 66, 87)
(146867, 1076, 15, 91, 92)
(146868, 222, 70, 69, 35)
(146869, 270, 29, 26, 2)
(146870, 46, 43, 63, 27)
(146871, 179, 58, 40, 13)
(146872, 480, 9, 2, 25)
(146873, 242, 74, 81, 84)
(146874, 270, 42, 42, 74)
(146875, 899, 88, 12, 34)
(146876, 21, 82, 12, 94)
(146877, 16, 4, 18, 25)
(146878, 222, 90, 71, 36)
(146879, 179, 22, 92, 46)
(146880, 410, 67, 51, 7)
(146881, 46, 79, 65, 75)
(146882, 542, 71, 89, 20)
(146883, 242, 26, 26, 7)
(146884, 16, 11, 64, 33)
(146885, 46, 69, 38, 5)
(146886, 480, 7, 14, 53)
(146887, 410, 19, 62, 86)
(146888, 21, 96, 5, 50)
(146889, 179, 50, 56, 59)
(146890, 270, 12, 7, 8)
(146891, 270, 53, 80, 86)
(146892, 242, 87, 50, 11)
(146893, 46, 47, 63, 22)
(146894, 16, 25, 50, 19)
(146895, 179, 4, 72, 49)
(146896, 21, 50, 33, 99)
(146897, 222, 47, 100, 90)
(146898, 542, 69, 8, 75)
(146899, 899, 83, 23, 100)
(146900, 1952, 60, 68, 27)
(146901, 242, 62, 68, 12)
(146902, 270, 61, 24, 38)
(146903, 16, 0, 85, 62)
(146904, 1076, 77, 39, 40)
(146905, 542, 92, 16, 5)
(146906, 46, 61, 57, 23)
(146907, 21, 38, 100, 25)
(146908, 222, 94, 11, 5)
(146909, 899, 76, 60, 41)
(146910, 21, 90, 96, 34)
(146911, 46, 31, 66, 25)
(146912, 16, 88, 56, 49)
(146913, 542, 34, 77, 79)
(146914, 222, 98, 84, 42)
(146915, 179, 17, 43, 46)
(146916, 410, 38, 76, 20)
(146917, 480, 43, 85, 52)
(146918, 480, 91, 54, 49)
(146919, 179, 65, 27, 19)
(146920, 222, 25, 100, 48)
(146921, 46, 37, 94, 39)
(146922, 1710, 21, 3, 74)
(146923, 1076, 2, 18, 5)
(146924, 16, 75, 3, 55)
(146925, 410, 30, 82, 70)
(146926, 270, 11, 15, 92)
(146927, 46, 13, 80, 41)
(146928, 242, 82, 52, 13)
(146929, 626, 41, 21, 17)
(146930, 16, 41, 50, 67)
(146931, 542, 6, 49, 2)
(146932, 270, 15, 81, 18)
(146933, 21, 31, 33, 20)
(146934, 480, 31, 79, 46)
(146935, 179, 5, 11, 24)
(146936, 542, 17, 18, 98)
(146937, 1076, 96, 70, 58)
(146938, 242, 67, 18, 67)
(146939, 222, 38, 37, 12)
(146940, 46, 52, 16, 40)
(146941, 1710, 44, 25, 22)
(146942, 179, 61, 84, 82)
(146943, 270, 35, 62, 92)
(146944, 21, 5, 40, 18)
(146945, 1008, 50, 64, 84)
(146946, 1710, 50, 31, 14)
(146947, 16, 94, 5, 33)
(146948, 222, 36, 64, 0)
(146949, 542, 98, 88, 60)
(146950, 21, 82, 4, 27)
(146951, 626, 61, 14, 82)
(146952, 179, 87, 49, 99)
(146953, 270, 29, 83, 66)
(146954, 179, 73, 29, 41)
(146955, 1837, 100, 100, 98)
(146956, 16, 8, 40, 23)
(146957, 222, 100, 62, 40)
(146958, 46, 68, 86, 51)
(146959, 1752, 30, 59, 82)
(146960, 21, 73, 39, 86)
(146961, 242, 43, 37, 21)
(146962, 410, 14, 33, 6)
(146963, 242, 57, 45, 35)
(146964, 1008, 76, 37, 27)
(146965, 542, 98, 79, 49)
(146966, 46, 33, 65, 99)
(146967, 626, 83, 23, 23)
(146968, 21, 15, 66, 72)
(146969, 270, 23, 35, 53)
(146970, 16, 42, 42, 73)
(146971, 410, 80, 97, 70)
(146972, 270, 26, 50, 68)
(146973, 46, 1, 65, 49)
(146974, 179, 67, 47, 59)
(146975, 222, 90, 15, 71)
(146976, 16, 62, 19, 50)
(146977, 899, 98, 13, 74)
(146978, 21, 12, 38, 77)
(146979, 1008, 84, 77, 1)
(146980, 480, 82, 63, 21)
(146981, 222, 75, 52, 89)
(146982, 16, 37, 8, 56)
(146983, 1008, 14, 4, 80)
(146984, 46, 100, 61, 3)
(146985, 21, 2, 14, 84)
(146986, 899, 49, 39, 85)
(146987, 270, 19, 70, 75)
(146988, 179, 22, 86, 21)
(146989, 410, 58, 11, 73)
(146990, 1710, 13, 29, 76)
(146991, 542, 100, 93, 56)
(146992, 626, 70, 58, 55)
(146993, 222, 64, 1, 60)
(146994, 16, 83, 80, 63)
(146995, 410, 65, 29, 42)
(146996, 21, 46, 80, 79)
(146997, 1008, 54, 16, 12)
(146998, 242, 30, 44, 25)
(146999, 242, 4, 64, 4)
(147000, 480, 5, 75, 87)
(147001, 16, 50, 83, 59)
(147002, 1752, 72, 74, 20)
(147003, 626, 80, 26, 71)
(147004, 21, 80, 32, 78)
(147005, 222, 70, 34, 33)
(147006, 179, 25, 70, 25)
(147007, 410, 94, 92, 66)
(147008, 16, 0, 54, 20)
(147009, 21, 65, 88, 79)
(147010, 242, 34, 1, 14)
(147011, 410, 49, 35, 80)
(147012, 222, 12, 38, 27)
(147013, 46, 23, 2, 1)
(147014, 626, 82, 79, 55)
(147015, 480, 52, 29, 87)
(147016, 270, 76, 31, 3)
(147017, 626, 60, 13, 60)
(147018, 222, 63, 71, 77)
(147019, 16, 95, 98, 30)
(147020, 242, 31, 82, 24)
(147021, 899, 6, 63, 44)
(147022, 46, 42, 41, 74)
(147023, 179, 50, 9, 47)
(147024, 410, 100, 57, 23)
(147025, 480, 86, 38, 76)
(147026, 410, 14, 73, 47)
(147027, 242, 2, 15, 2)
(147028, 222, 61, 76, 55)
(147029, 46, 42, 37, 65)
(147030, 179, 81, 83, 45)
(147031, 16, 49, 92, 74)
(147032, 21, 15, 75, 51)
(147033, 899, 30, 74, 64)
(147034, 270, 7, 39, 98)
(147035, 21, 86, 99, 99)
(147036, 46, 12, 82, 12)
(147037, 242, 37, 26, 42)
(147038, 542, 23, 61, 88)
(147039, 16, 94, 62, 6)
(147040, 270, 54, 39, 24)
(147041, 179, 66, 41, 54)
(147042, 410, 77, 75, 84)
(147043, 480, 88, 70, 71)
(147044, 542, 23, 57, 85)
(147045, 242, 44, 19, 33)
(147046, 222, 48, 77, 11)
(147047, 46, 48, 68, 80)
(147048, 1952, 38, 23, 54)
(147049, 1076, 55, 64, 94)
(147050, 21, 86, 46, 72)
(147051, 16, 77, 100, 94)
(147052, 270, 25, 58, 37)
(147053, 222, 53, 45, 30)
(147054, 542, 9, 75, 85)
(147055, 46, 44, 64, 79)
(147056, 270, 37, 63, 42)
(147057, 16, 78, 55, 96)
(147058, 21, 16, 41, 0)
(147059, 899, 99, 38, 81)
(147060, 179, 6, 53, 85)
(147061, 242, 98, 97, 35)
(147062, 16, 85, 62, 15)
(147063, 1837, 41, 4, 5)
(147064, 46, 59, 35, 81)
(147065, 1076, 39, 34, 81)
(147066, 1008, 2, 91, 25)
(147067, 899, 48, 78, 18)
(147068, 21, 51, 97, 78)
(147069, 179, 18, 62, 61)
(147070, 480, 47, 8, 17)
(147071, 480, 25, 51, 8)
(147072, 242, 84, 50, 84)
(147073, 179, 13, 30, 51)
(147074, 626, 53, 34, 19)
(147075, 16, 44, 89, 48)
(147076, 1076, 10, 34, 15)
(147077, 1752, 30, 89, 56)
(147078, 21, 80, 65, 22)
(147079, 46, 72, 31, 99)
(147080, 16, 86, 83, 10)
(147081, 410, 95, 11, 82)
(147082, 1686, 87, 5, 31)
(147083, 242, 16, 3, 30)
(147084, 222, 66, 59, 14)
(147085, 542, 47, 6, 8)
(147086, 46, 90, 83, 49)
(147087, 270, 93, 17, 95)
(147088, 899, 45, 85, 63)
(147089, 1686, 70, 50, 43)
(147090, 1076, 15, 81, 24)
(147091, 179, 36, 64, 30)
(147092, 21, 63, 29, 26)
(147093, 1686, 60, 40, 76)
(147094, 1686, 63, 20, 40)
(147095, 1008, 70, 93, 68)
(147096, 1686, 68, 21, 68)
(147097, 480, 64, 99, 32)
(147098, 626, 32, 7, 56)
(147099, 1686, 24, 24, 0)
(147100, 1686, 49, 48, 55)
(147101, 410, 98, 68, 83)
(147102, 16, 59, 81, 36)
(147103, 242, 52, 59, 48)
(147104, 1686, 8, 65, 39)
(147105, 899, 87, 97, 76)
(147106, 1686, 44, 45, 40)
(147107, 1076, 58, 17, 22)
(147108, 270, 26, 30, 14)
(147109, 46, 68, 75, 92)
(147110, 179, 63, 14, 10)
(147111, 21, 6, 42, 0)
(147112, 1008, 50, 36, 68)
(147113, 1686, 68, 86, 82)
(147114, 626, 51, 32, 75)
(147115, 480, 88, 26, 27)
(147116, 222, 20, 73, 86)
(147117, 542, 98, 88, 27)
(147118, 351, 13, 77, 100)
(147119, 536, 50, 4, 88)
(147120, 1014, 41, 30, 75)
(147121, 199, 27, 45, 80)
(147122, 458, 32, 93, 97)
(147124, 744, 29, 20, 41)
(147127, 2270, 55, 27, 88)
(147128, 450, 72, 90, 37)
(147129, 586, 19, 14, 66)
(147133, 536, 86, 48, 25)
(147134, 1014, 41, 17, 15)
(147135, 2270, 25, 50, 33)
(147136, 351, 16, 27, 27)
(147137, 572, 44, 80, 50)
(147138, 2876, 45, 91, 67)
(147139, 536, 66, 82, 5)
(147140, 1820, 32, 88, 32)
(147141, 351, 19, 69, 12)
(147143, 586, 44, 34, 100)
(147145, 1014, 32, 92, 71)
(147147, 572, 38, 31, 86)
(147148, 536, 34, 14, 76)
(147150, 458, 72, 97, 52)
(147151, 199, 73, 98, 49)
(147152, 1820, 85, 89, 89)
(147154, 744, 78, 33, 33)
(147155, 1014, 100, 45, 24)
(147157, 572, 27, 90, 23)
(147158, 536, 96, 43, 85)
(147159, 2019, 1, 68, 25)
(147160, 450, 54, 59, 16)
(147161, 458, 9, 5, 60)
(147162, 586, 8, 10, 52)
(147164, 572, 39, 35, 17)
(147165, 1820, 64, 16, 2)
(147167, 199, 83, 77, 85)
(147168, 458, 73, 86, 21)
(147169, 2306, 1, 25, 87)
(147171, 199, 86, 45, 65)
(147172, 1014, 15, 22, 54)
(147174, 450, 18, 56, 62)
(147175, 586, 44, 25, 64)
(147176, 572, 34, 100, 17)
(147177, 351, 21, 42, 31)
(147178, 3189, 29, 42, 90)
(147180, 450, 80, 89, 70)
(147181, 458, 77, 29, 70)
(147183, 199, 32, 43, 36)
(147184, 2270, 83, 1, 99)
(147186, 351, 50, 94, 75)
(147187, 572, 9, 25, 81)
(147188, 458, 20, 30, 11)
(147190, 1014, 78, 44, 55)
(147191, 2019, 19, 28, 41)
(147192, 199, 48, 84, 8)
(147195, 450, 23, 15, 21)
(147196, 1820, 80, 28, 58)
(147197, 351, 72, 47, 59)
(147198, 744, 57, 81, 21)
(147199, 450, 8, 38, 16)
(147200, 199, 84, 89, 80)
(147201, 458, 84, 68, 28)
(147203, 351, 96, 85, 22)
(147206, 2306, 37, 77, 83)
(147207, 572, 14, 26, 81)
(147209, 536, 85, 7, 50)
(147210, 1820, 20, 84, 31)
(147211, 2270, 13, 85, 99)
(147212, 450, 23, 45, 58)
(147214, 744, 2, 50, 24)
(147216, 199, 70, 65, 90)
(147217, 351, 43, 21, 79)
(147218, 586, 92, 45, 96)
(147219, 199, 19, 33, 89)
(147220, 450, 96, 42, 53)
(147221, 351, 83, 50, 63)
(147223, 1014, 29, 58, 58)
(147224, 744, 79, 92, 52)
(147226, 536, 67, 50, 57)
(147228, 2019, 68, 3, 27)
(147229, 536, 33, 72, 14)
(147230, 572, 28, 83, 7)
(147234, 744, 20, 24, 66)
(147235, 586, 7, 78, 40)
(147236, 3245, 53, 43, 24)
(147237, 199, 22, 14, 15)
(147238, 351, 69, 93, 20)
(147239, 458, 88, 53, 38)
(147241, 1820, 87, 2, 33)
(147243, 536, 99, 31, 16)
(147244, 586, 66, 40, 72)
(147246, 2306, 80, 80, 52)
(147247, 572, 30, 2, 2)
(147248, 2270, 36, 98, 55)
(147249, 536, 23, 86, 70)
(147250, 199, 33, 25, 20)
(147251, 450, 86, 93, 96)
(147252, 458, 21, 6, 95)
(147254, 744, 79, 2, 62)
(147255, 586, 43, 92, 71)
(147256, 351, 86, 56, 63)
(147258, 2876, 23, 63, 35)
(147260, 199, 70, 73, 2)
(147261, 536, 1, 87, 69)
(147262, 1014, 92, 9, 10)
(147263, 458, 14, 42, 19)
(147266, 450, 56, 10, 41)
(147267, 572, 34, 29, 76)
(147268, 572, 55, 60, 3)
(147269, 199, 55, 90, 66)
(147270, 351, 52, 9, 50)
(147271, 450, 64, 96, 15)
(147272, 458, 77, 61, 49)
(147273, 744, 95, 21, 92)
(147274, 586, 40, 36, 32)
(147278, 536, 96, 70, 47)
(147279, 2019, 63, 83, 54)
(147280, 199, 2, 25, 65)
(147281, 1820, 63, 59, 52)
(147283, 450, 32, 8, 32)
(147285, 351, 23, 9, 92)
(147287, 458, 13, 24, 6)
(147288, 199, 56, 37, 54)
(147289, 351, 31, 91, 52)
(147290, 2019, 33, 62, 86)
(147291, 450, 8, 52, 68)
(147292, 458, 17, 51, 37)
(147294, 586, 99, 78, 39)
(147295, 2876, 54, 88, 46)
(147298, 3189, 67, 59, 67)
(147299, 744, 9, 22, 65)
(147300, 199, 30, 46, 91)
(147301, 450, 91, 84, 74)
(147304, 2019, 73, 24, 53)
(147305, 351, 57, 93, 6)
(147306, 2306, 1, 32, 32)
(147308, 458, 3, 76, 13)
(147309, 536, 28, 85, 52)
(147310, 199, 94, 15, 92)
(147313, 744, 64, 77, 96)
(147314, 1014, 99, 67, 27)
(147315, 2270, 11, 7, 20)
(147316, 351, 70, 16, 98)
(147319, 536, 65, 77, 35)
(147320, 572, 74, 82, 21)
(147321, 450, 78, 40, 8)
(147322, 351, 74, 19, 16)
(147323, 586, 94, 98, 94)
(147324, 2270, 99, 50, 20)
(147327, 1014, 55, 49, 56)
(147329, 2876, 0, 96, 94)
(147331, 1820, 14, 62, 46)
(147333, 586, 51, 17, 11)
(147334, 536, 93, 95, 45)
(147335, 1014, 34, 20, 40)
(147336, 351, 17, 94, 80)
(147337, 572, 41, 19, 44)
(147338, 744, 80, 84, 68)
(147339, 199, 65, 99, 27)
(147341, 458, 46, 70, 90)
(147342, 536, 31, 82, 95)
(147344, 1014, 29, 50, 67)
(147345, 572, 88, 100, 92)
(147347, 1820, 78, 94, 95)
(147348, 536, 84, 90, 60)
(147349, 2019, 94, 51, 23)
(147350, 450, 12, 0, 76)
(147351, 199, 5, 10, 93)
(147352, 1820, 34, 96, 81)
(147354, 458, 100, 4, 40)
(147355, 586, 19, 90, 13)
(147357, 572, 68, 3, 18)
(147358, 586, 62, 51, 72)
(147359, 351, 51, 91, 85)
(147360, 450, 74, 42, 57)
(147361, 458, 97, 93, 21)
(147363, 1014, 40, 74, 21)
(147364, 199, 66, 96, 71)
(147366, 2306, 32, 53, 40)
(147367, 572, 100, 0, 54)
(147368, 450, 100, 15, 1)
(147369, 2270, 64, 23, 24)
(147371, 199, 51, 0, 1)
(147372, 572, 33, 37, 69)
(147375, 458, 33, 12, 43)
(147376, 3189, 31, 5, 33)
(147377, 351, 21, 93, 96)
(147378, 2019, 80, 73, 38)
(147379, 450, 51, 91, 0)
(147380, 1820, 12, 9, 23)
(147381, 458, 73, 57, 62)
(147383, 1014, 52, 37, 43)
(147384, 351, 70, 49, 65)
(147387, 199, 18, 51, 71)
(147388, 450, 9, 48, 73)
(147390, 572, 67, 86, 54)
(147391, 2306, 40, 89, 25)
(147392, 199, 40, 45, 68)
(147394, 744, 1, 56, 69)
(147396, 458, 51, 95, 49)
(147397, 351, 2, 44, 97)
(147398, 536, 86, 37, 48)
(147399, 199, 93, 89, 1)
(147400, 450, 74, 86, 86)
(147401, 1820, 16, 1, 23)
(147404, 2270, 99, 32, 87)
(147406, 744, 95, 77, 81)
(147407, 351, 69, 99, 57)
(147409, 536, 57, 90, 97)
(147410, 199, 64, 19, 91)
(147411, 1014, 87, 34, 42)
(147414, 744, 3, 83, 44)
(147415, 586, 13, 23, 96)
(147416, 450, 90, 68, 27)
(147417, 351, 22, 69, 52)
(147418, 3245, 37, 89, 22)
(147419, 2019, 62, 80, 30)
(147420, 199, 11, 51, 95)
(147423, 744, 2, 62, 40)
(147424, 536, 5, 47, 95)
(147426, 586, 96, 11, 75)
(147427, 572, 2, 57, 18)
(147428, 2306, 4, 5, 11)
(147429, 536, 76, 52, 16)
(147430, 1820, 10, 25, 35)
(147432, 458, 21, 40, 13)
(147434, 572, 95, 12, 64)
(147435, 586, 55, 1, 70)
(147437, 351, 31, 66, 8)
(147439, 450, 50, 90, 82)
(147440, 199, 49, 66, 93)
(147441, 744, 81, 52, 30)
(147442, 586, 56, 80, 71)
(147443, 2270, 81, 65, 40)
(147444, 351, 62, 32, 90)
(147446, 458, 62, 17, 11)
(147447, 536, 35, 66, 61)
(147448, 1014, 85, 59, 16)
(147449, 536, 37, 76, 59)
(147450, 2876, 51, 59, 31)
(147451, 450, 4, 32, 22)
(147452, 458, 70, 46, 57)
(147454, 199, 91, 84, 8)
(147455, 572, 21, 19, 50)
(147458, 744, 51, 79, 95)
(147460, 199, 98, 94, 44)
(147461, 586, 93, 7, 47)
(147463, 458, 46, 33, 84)
(147464, 450, 91, 10, 41)
(147465, 351, 12, 72, 74)
(147467, 572, 33, 52, 5)
(147468, 1820, 34, 64, 4)
(147469, 536, 43, 31, 68)
(147471, 450, 71, 67, 7)
(147472, 458, 65, 60, 88)
(147473, 351, 23, 100, 32)
(147474, 199, 87, 11, 67)
(147475, 2019, 96, 23, 98)
(147478, 586, 4, 68, 64)
(147479, 2876, 64, 75, 74)
(147480, 199, 81, 60, 3)
(147481, 458, 15, 36, 27)
(147485, 351, 79, 82, 4)
(147486, 2019, 41, 26, 31)
(147487, 450, 3, 94, 77)
(147488, 3189, 46, 62, 18)
(147490, 2019, 18, 89, 77)
(147491, 450, 41, 32, 21)
(147492, 199, 31, 7, 65)
(147493, 744, 26, 60, 20)
(147494, 351, 43, 59, 96)
(147495, 2306, 64, 79, 71)
(147499, 3115, 2, 7, 34)
(147523, 3434, 6, 0, 74)
(147598, 3115, 17, 13, 73)
(147670, 3115, 59, 18, 52)
(147694, 3434, 48, 13, 56)
(147767, 3115, 73, 33, 48)
(147919, 473, 48, 95, 52)
(147922, 347, 43, 7, 51)
(147923, 504, 34, 98, 71)
(147926, 50, 50, 11, 93)
(147931, 347, 78, 25, 70)
(147934, 50, 83, 47, 10)
(147937, 2, 43, 10, 61)
(147940, 504, 43, 20, 90)
(147942, 50, 96, 50, 24)
(147951, 347, 52, 29, 67)
(147955, 2, 32, 82, 26)
(147957, 473, 16, 80, 13)
(147960, 50, 77, 92, 37)
(147961, 475, 24, 79, 13)
(147965, 473, 48, 98, 75)
(147971, 347, 17, 69, 78)
(147973, 2, 42, 65, 36)
(147974, 475, 70, 28, 61)
(147975, 502, 98, 88, 60)
(147979, 347, 35, 11, 1)
(147981, 475, 81, 11, 18)
(147983, 593, 30, 81, 15)
(147986, 665, 28, 52, 64)
(147994, 50, 81, 63, 43)
(147995, 475, 64, 94, 75)
(147996, 504, 26, 2, 61)
(147999, 502, 60, 39, 72)
(148002, 565, 64, 60, 31)
(148003, 2, 18, 45, 57)
(148004, 50, 67, 64, 79)
(148007, 473, 82, 6, 27)
(148012, 473, 15, 8, 56)
(148014, 475, 13, 43, 51)
(148016, 2, 11, 17, 21)
(148021, 502, 80, 4, 92)
(148023, 50, 9, 43, 64)
(148025, 347, 66, 11, 99)
(148026, 565, 36, 66, 87)
(148027, 473, 34, 42, 98)
(148030, 502, 45, 51, 88)
(148031, 2, 28, 39, 10)
(148032, 50, 95, 96, 75)
(148033, 593, 11, 25, 83)
(148034, 473, 2, 44, 48)
(148044, 2, 7, 8, 29)
(148045, 504, 99, 98, 77)
(148046, 502, 63, 28, 27)
(148051, 50, 30, 58, 17)
(148052, 2, 18, 44, 57)
(148054, 565, 78, 60, 5)
(148055, 473, 85, 18, 22)
(148061, 593, 47, 1, 32)
(148066, 680, 73, 19, 92)
(148073, 475, 72, 22, 50)
(148074, 2, 15, 47, 47)
(148075, 565, 42, 21, 17)
(148077, 504, 44, 16, 37)
(148082, 347, 82, 47, 13)
(148083, 50, 61, 0, 75)
(148084, 2, 73, 66, 23)
(148088, 502, 83, 1, 42)
(148089, 347, 28, 92, 23)
(148093, 475, 5, 85, 54)
(148102, 665, 71, 95, 95)
(148103, 347, 58, 13, 95)
(148104, 2, 90, 100, 7)
(148111, 347, 53, 0, 93)
(148114, 50, 63, 12, 72)
(148115, 504, 5, 15, 93)
(148117, 473, 72, 94, 33)
(148119, 50, 42, 73, 76)
(148124, 2, 1, 82, 67)
(148125, 347, 81, 7, 34)
(148134, 50, 92, 90, 62)
(148135, 504, 76, 31, 87)
(148141, 347, 21, 29, 53)
(148144, 2, 6, 27, 34)
(148146, 473, 47, 78, 28)
(148154, 50, 57, 99, 97)
(148155, 475, 10, 53, 35)
(148157, 473, 88, 43, 47)
(148159, 502, 40, 4, 98)
(148163, 2, 19, 21, 62)
(148164, 475, 20, 10, 32)
(148166, 347, 42, 64, 93)
(148171, 347, 41, 35, 62)
(148172, 665, 24, 48, 94)
(148175, 475, 73, 73, 100)
(148176, 593, 43, 79, 36)
(148178, 475, 98, 76, 73)
(148184, 504, 4, 18, 92)
(148187, 50, 76, 12, 40)
(148192, 2, 10, 30, 42)
(148193, 50, 98, 6, 73)
(148194, 473, 41, 8, 61)
(148195, 565, 0, 33, 24)
(148196, 502, 10, 51, 16)
(148203, 2, 7, 10, 64)
(148206, 475, 50, 87, 39)
(148207, 473, 6, 33, 22)
(148210, 502, 10, 71, 19)
(148211, 347, 71, 17, 62)
(148213, 473, 78, 95, 18)
(148214, 565, 31, 18, 84)
(148215, 50, 47, 11, 10)
(148223, 50, 66, 16, 67)
(148224, 2, 95, 17, 76)
(148225, 502, 99, 52, 66)
(148226, 593, 40, 21, 98)
(148227, 473, 27, 54, 71)
(148230, 502, 14, 65, 31)
(148234, 2, 15, 12, 3)
(148235, 504, 5, 95, 33)
(148241, 565, 68, 58, 56)
(148243, 50, 20, 5, 38)
(148244, 2, 80, 41, 8)
(148247, 473, 71, 64, 23)
(148254, 593, 65, 85, 81)
(148255, 680, 97, 69, 73)
(148262, 475, 10, 17, 15)
(148263, 565, 46, 44, 20)
(148264, 2, 98, 84, 92)
(148265, 504, 18, 67, 1)
(148268, 2, 35, 84, 6)
(148269, 347, 45, 32, 92)
(148272, 50, 45, 64, 61)
(148283, 347, 31, 23, 15)
(148285, 475, 30, 63, 14)
(148286, 502, 44, 60, 35)
(148289, 347, 18, 43, 15)
(148294, 2, 85, 54, 71)
(148296, 665, 76, 2, 19)
(148383, 516, 59, 37, 38)
(148506, 516, 92, 2, 52)
